7
20
3525 -3825 -5625 -4200 4425 3900 -600 ldv
4324 -4692 -6900 -5152 5428 4784 -736 hpa
-2156 -5978 -3430 3626 -1666 882 1568 wacpjwqg
-968 -2684 -1540 1628 -748 396 704 v
4042 -4386 -6450 -4816 5074 4472 -688 fpqln
-1518 -4209 -2415 2553 -1173 621 1104 ldv
546 1134 1533 1491 1995 -1785 546 aoosoh
-4465 4845 7125 5320 -5605 -4940 760 fpqln
-1534 -3186 -4307 -4189 -5605 5015 -1534 hwxwa
-884 -1836 -2482 -2414 -3230 2890 -884 dtxnckqts
1222 -1326 -1950 -1456 1534 1352 -208 v
22 61 35 -37 17 -9 -16 ldv
2867 -3111 -4575 -3416 3599 3172 -488 hpa
-4085 1591 3569 3182 2623 516 3483 ldv
1034 2867 1645 -1739 799 -423 -752 aoosoh
616 1708 980 -1036 476 -252 -448 dtxnckqts
-2350 2550 3750 2800 -2950 -2600 400 v
2392 4968 6716 6532 8740 -7820 2392 ldv
-1848 -5124 -2940 3108 -1428 756 1344 aoosoh
-1408 -3904 -2240 2368 -1088 576 1024 hpa
