20
10
-5742 6732 -3861 1980 -8514 -3366 8910 8712 -9405 6633 -4257 6039 792 -4851 -99 4554 -594 4752 9801 2178 scv
3480 -4080 2340 -1200 5160 2040 -5400 -5280 5700 -4020 2580 -3660 -480 2940 60 -2760 360 -2880 -5940 -1320 scv
4524 -5304 3042 -1560 6708 2652 -7020 -6864 7410 -5226 3354 -4758 -624 3822 78 -3588 468 -3744 -7722 -1716 g
-5684 6664 -3822 1960 -8428 -3332 8820 8624 -9310 6566 -4214 5978 784 -4802 -98 4508 -588 4704 9702 2156 scv
3828 -4488 2574 -1320 5676 2244 -5940 -5808 6270 -4422 2838 -4026 -528 3234 66 -3036 396 -3168 -6534 -1452 scv
1972 -2312 1326 -680 2924 1156 -3060 -2992 3230 -2278 1462 -2074 -272 1666 34 -1564 204 -1632 -3366 -748 scv
0 0 0 0 0 0 0 0 0 0 0 0 0 0 0 0 0 0 0 0 scv
-1700 -3700 -800 -7600 -1800 -6500 8800 -8700 -8800 1400 9500 8800 2500 -6900 6200 -8900 4000 -4300 -9600 -6200 g
-5162 6052 -3471 1780 -7654 -3026 8010 7832 -8455 5963 -3827 5429 712 -4361 -89 4094 -534 4272 8811 1958 scv
-638 748 -429 220 -946 -374 990 968 -1045 737 -473 671 88 -539 -11 506 -66 528 1089 242 scv
