20
10
-4968 4278 -3864 1380 -2553 -3105 -6831 -2346 -4554 -5313 -4071 -5589 -6624 5382 -3726 -345 3243 3105 276 -1794 vkdpsn
432 -372 336 -120 222 270 594 204 396 462 354 486 576 -468 324 30 -282 -270 -24 156 vkdpsn
6192 -5332 4816 -1720 3182 3870 8514 2924 5676 6622 5074 6966 8256 -6708 4644 430 -4042 -3870 -344 2236 vkdpsn
-5832 5022 -4536 1620 -2997 -3645 -8019 -2754 -5346 -6237 -4779 -6561 -7776 6318 -4374 -405 3807 3645 324 -2106 vkdpsn
-6264 5394 -4872 1740 -3219 -3915 -8613 -2958 -5742 -6699 -5133 -7047 -8352 6786 -4698 -435 4089 3915 348 -2262 vkdpsn
7056 -6076 5488 -1960 3626 4410 9702 3332 6468 7546 5782 7938 9408 -7644 5292 490 -4606 -4410 -392 2548 vkdpsn
-3240 2790 -2520 900 -1665 -2025 -4455 -1530 -2970 -3465 -2655 -3645 -4320 3510 -2430 -225 2115 2025 180 -1170 vkdpsn
-2088 1798 -1624 580 -1073 -1305 -2871 -986 -1914 -2233 -1711 -2349 -2784 2262 -1566 -145 1363 1305 116 -754 vkdpsn
-6984 6014 -5432 1940 -3589 -4365 -9603 -3298 -6402 -7469 -5723 -7857 -9312 7566 -5238 -485 4559 4365 388 -2522 vkdpsn
-5904 5084 -4592 1640 -3034 -3690 -8118 -2788 -5412 -6314 -4838 -6642 -7872 6396 -4428 -410 3854 3690 328 -2132 vkdpsn
