12
200
1426 -20646 14384 28458 5890 16988 -5952 18786 -8308 22010 8308 28024 iko
3870 -21156 7998 12255 14061 10191 11954 -13459 2279 18834 -172 -18619 vdnyusknav
-5605 -3325 6650 -7296 988 -5377 1976 3268 8322 2280 6612 2280 hhsjytxdae
880 13200 -9080 -2840 -2000 -13360 -960 -12680 -880 -5080 4080 -9920 udlvfwmpra
-2024 -30360 20884 6532 4600 30728 2208 29164 2024 11684 -9384 22816 udlvfwmpra
858 12870 -8853 -2769 -1950 -13026 -936 -12363 -858 -4953 3978 -9672 hhsjytxdae
-15660 26700 -20100 9960 -18840 -28440 -25560 10020 9660 -13560 20880 15600 udlvfwmpra
-1305 2225 -1675 830 -1570 -2370 -2130 835 805 -1130 1740 1300 udlvfwmpra
6940 -9560 3680 4140 -3300 -3600 -3140 640 -9040 900 -7540 -8100 iko
-1100 -9812 2508 792 -12232 -8888 13068 -21868 -20108 14696 -21956 -9636 vdnyusknav
-46256 33418 -45864 24304 34594 29400 -48804 1862 45766 24108 -33124 -33810 udlvfwmpra
21712 -15686 21528 -11408 -16238 -13800 22908 -874 -21482 -11316 15548 15870 iko
-729 -4455 5346 -13392 -7290 -10260 999 5562 -648 12177 -6210 -2214 udlvfwmpra
2325 3937 13113 4712 4836 -11160 6045 -14446 -15376 1674 -15500 10230 hhsjytxdae
-1566 -2862 -23166 -14148 17010 -4752 -4914 18684 -14094 -3294 11502 -4968 bf
-4070 -8910 -14135 16280 -24805 495 825 -23870 24255 -26565 -27445 8525 bf
-12960 3712 12352 -14272 13920 3552 3872 1792 160 5280 -1472 6976 vdnyusknav
30720 -44640 17184 5664 -27744 -44160 -3744 6144 -38112 20352 -9216 38784 hhsjytxdae
3135 7125 5280 1500 -2400 5955 -7155 420 -510 1590 -7485 2160 hhsjytxdae
16038 -23652 3483 17820 -35883 26973 -35802 -25434 -37422 38313 -26082 26892 hhsjytxdae
-4158 6132 -903 -4620 9303 -6993 9282 6594 9702 -9933 6762 -6972 udlvfwmpra
-20253 -18533 -12470 -15394 -2451 14706 -1376 -7654 20339 16813 15695 -20468 iko
37680 34480 23200 28640 4560 -27360 2560 14240 -37840 -31280 -29200 38080 hhsjytxdae
9367 266 -4123 -3534 8417 2641 -9006 8607 -931 6156 -323 -6935 udlvfwmpra
22250 -16750 -10100 -8850 1050 -8250 -10050 6600 16050 8950 -1850 20850 bf
33390 -630 31680 32670 6210 11700 -15480 14220 -15570 -2970 16020 -32490 vdnyusknav
22260 -420 21120 21780 4140 7800 -10320 9480 -10380 -1980 10680 -21660 udlvfwmpra
42542 -26166 44500 -36579 15842 -37558 15753 -16020 22339 11926 44500 -35867 iko
-10848 6336 -13440 -40416 -39072 -14304 -23808 22080 -3648 -13536 -9984 -10464 iko
-12688 -1872 -10608 -8866 10868 -6396 -5902 -9542 260 -7488 10998 -7436 vdnyusknav
43432 6408 36312 30349 -37202 21894 20203 32663 -890 25632 -37647 25454 hhsjytxdae
2850 7095 6855 -2370 -4905 660 -645 -15 2715 -6150 4635 5640 vdnyusknav
-21888 8280 -5184 -4608 -4320 4320 24264 -9000 -35280 32904 33264 -22104 udlvfwmpra
-15408 2952 15804 4824 -2340 9000 9144 1728 10080 -8712 -10440 13716 iko
5734 -46342 -21714 -36848 -27072 -40984 1222 -31490 45214 46812 18988 -9024 iko
-3381 -9016 1932 -2806 -7889 3059 -7705 -9062 -368 -6900 -3381 -253 vdnyusknav
12788 8050 -3956 5336 23000 17296 -1426 -20332 4508 -12742 3864 2024 bf
27800 17500 -8600 11600 50000 37600 -3100 -44200 9800 -27700 8400 4400 udlvfwmpra
-11524 -2967 1247 -13029 -11266 -2795 13588 -20726 8213 -17071 6235 -2967 hhsjytxdae
-5768 5096 6384 -17696 -22120 3864 -728 -19376 10248 -5096 6216 -22344 bf
-315 1053 1308 -603 1470 339 1341 876 -855 237 -90 618 vdnyusknav
-8554 -470 30738 30926 -2726 -15322 -33276 4700 8366 14946 -846 -36378 udlvfwmpra
19734 -8556 -11270 -16790 10994 22264 -15962 13754 15318 -14858 12420 -13248 udlvfwmpra
35061 2976 7998 36177 -36642 14229 -12276 2976 45942 -18042 -13857 -6510 udlvfwmpra
-10707 -19307 8557 -18576 19608 -258 -14706 -11782 -2709 -5590 1763 3870 iko
19065 25296 -46035 -37665 19902 45849 9858 -41013 -4278 -7161 -30132 20739 udlvfwmpra
-10800 6912 -6048 -16956 16416 -16578 -26568 -19386 -16416 -13392 -25488 22788 iko
8600 -5504 4816 13502 -13072 13201 21156 15437 13072 10664 20296 -18146 hhsjytxdae
1653 35496 -11049 2784 18357 28275 -27579 -11484 10353 36453 -39150 -16443 vdnyusknav
-1425 -30600 9525 -2400 -15825 -24375 23775 9900 -8925 -31425 33750 14175 vdnyusknav
4704 3600 600 -3216 1944 -6456 11064 768 -4008 2040 -7920 -6888 hhsjytxdae
-6290 1921 7327 867 -2465 2244 -7021 6987 7497 6001 -6987 -7667 bf
-23826 3828 13200 11418 23694 5742 32868 -12474 -21252 -18348 19140 30558 bf
-9480 20520 -28440 -15120 -3960 -3360 -22020 18060 -3420 18540 -1080 -1320 hhsjytxdae
8374 -18126 25122 13356 3498 2968 19451 -15953 3021 -16377 954 1166 bf
-10374 -8463 -16575 -5343 7215 -2535 -9711 13689 -4719 351 4836 -624 udlvfwmpra
1593 2478 15871 -23010 -16225 -5664 10738 20119 -2655 -5782 19175 -10502 hhsjytxdae
-7544 8118 -6724 2788 -19229 9799 -4920 6929 -11726 3690 -5207 -16195 vdnyusknav
14274 -9272 -14945 12932 -25803 -6039 23058 -11712 19764 12444 -16226 9272 udlvfwmpra
-825 5265 6900 7350 -3510 4950 -2130 -6885 4380 1980 -4665 -3945 iko
-1950 -6600 -17025 14925 -24975 -22500 29475 -25425 -18675 36300 10800 -24750 vdnyusknav
-11224 -27968 28704 29348 9844 38364 34776 -24104 -736 -43240 -28428 28796 vdnyusknav
-11060 0 -2548 12488 -336 10108 -9324 -1120 12600 -12376 -3892 3304 udlvfwmpra
34760 0 8008 -39248 1056 -31768 29304 3520 -39600 38896 12232 -10384 vdnyusknav
18170 0 4186 -20516 552 -16606 15318 1840 -20700 20332 6394 -5428 bf
19434 -37392 30668 -5412 -39114 10250 24764 12300 -32800 -15744 6724 164 iko
-19671 37848 -31042 5478 39591 -10375 -25066 -12450 33200 15936 -6806 -166 vdnyusknav
25252 4661 -9558 3363 -12272 -17582 18290 19883 18113 -6077 -16461 -25252 hhsjytxdae
-41944 -7742 15876 -5586 20384 29204 -30380 -33026 -30086 10094 27342 41944 iko
1380 9522 5428 -4324 -759 -6739 7774 -5934 2254 2070 8418 3082 bf
-13716 11088 -15336 -2808 -4356 6192 5040 16668 -11988 7128 8712 16380 hhsjytxdae
-2937 -1232 -2299 3707 3949 -3047 3839 1056 -1155 3476 1408 198 udlvfwmpra
3738 1568 2926 -4718 -5026 3878 -4886 -1344 1470 -4424 -1792 -252 udlvfwmpra
11315 22046 -25404 22557 24820 -18834 -16352 17155 13870 -13651 -17301 22484 vdnyusknav
-12264 -588 20328 41748 20916 1764 35616 -28728 -29652 31668 13188 -15708 iko
-7520 -29200 5280 -27680 34080 25760 -16640 -26720 22320 14400 12640 -29360 hhsjytxdae
-2356 -5928 -741 8987 247 8550 -4845 -2242 -2755 7961 -5510 -570 hhsjytxdae
28658 42097 8099 -9612 1958 -38626 -5162 -5429 -30883 -30082 -41296 8099 iko
7232 7328 -4864 96 -3488 14432 -15264 11552 10336 -12928 4128 -9600 iko
5940 13284 -12528 -5652 1980 7632 -8856 5400 15300 -10224 9684 13068 udlvfwmpra
11385 25461 -24012 -10833 3795 14628 -16974 10350 29325 -19596 18561 25047 hhsjytxdae
-2378 -3074 21170 20184 -23954 -9628 15196 -11484 14732 2030 -20532 -6496 iko
48510 44492 -9898 -24892 -46746 -7056 3136 32928 17150 41552 -294 28616 vdnyusknav
-31680 -29056 6464 16256 30528 4608 -2048 -21504 -11200 -27136 192 -18688 hhsjytxdae
-3828 2784 -3248 -21112 -7018 7250 8700 22040 27144 3248 -22678 -26274 udlvfwmpra
-22007 -649 6431 -14927 -16579 12390 8673 -27022 -13570 708 17700 -10443 iko
-6688 11808 288 6848 -6752 -10304 11200 -3744 12256 2368 2624 -6048 udlvfwmpra
-8976 -9966 1672 -7546 -2112 22 -5962 -7414 10868 -8976 -7810 4928 vdnyusknav
5022 11016 26973 36612 -25758 3483 28674 405 -4455 -36855 6723 6642 bf
-6726 20532 28969 -28084 2124 19175 -24544 -19706 14160 -9971 -29500 2655 bf
-282 1410 1116 1074 2544 1164 -36 -204 2442 2376 54 -1500 bf
-11000 -2145 11385 18315 17930 22990 -12650 24860 21890 24695 9240 -17380 hhsjytxdae
-22491 9486 23358 -1377 22746 13974 -20196 -6018 19890 -13821 -10404 -12189 udlvfwmpra
-1638 6279 -845 39 -4914 -1976 13 -4927 5525 -4550 -3029 -3146 iko
-8190 9156 -7266 924 -2016 12768 -11592 -17346 18144 -11802 11046 -9870 iko
-6732 -15572 21556 1564 -27676 29648 12852 -9792 -20536 -23732 24004 26316 bf
2405 -6305 -637 3783 4277 4589 5876 2652 -4992 4563 832 -3601 vdnyusknav
8096 3982 5434 3916 -2640 -6996 -5698 -8844 -1034 -6820 5522 6314 vdnyusknav
7035 27269 23316 10117 -7303 -27135 20033 -28006 1407 25795 -15544 28274 iko
-5565 -21571 -18444 -8003 5777 21465 -15847 22154 -1113 -20405 12296 -22366 iko
31614 -29766 14916 -7854 -23430 27126 -10956 -30756 14454 18546 -24222 -23694 udlvfwmpra
13440 -19968 -22784 -320 21632 -14976 24704 15488 -10560 20416 -19008 21632 udlvfwmpra
-11328 1440 10248 5328 8184 8904 9672 11304 9528 10320 1512 11280 vdnyusknav
-16380 -31486 5915 17563 -27664 1547 18655 -28301 25571 -16744 35490 -18109 vdnyusknav
1495 -435 720 820 510 -775 -930 885 1315 1350 1160 -1315 udlvfwmpra
14602 3381 4704 22148 2989 1078 23618 -23177 -15925 9310 13279 -4214 udlvfwmpra
1260 4920 8820 19260 -1620 29880 21540 5400 -7320 -21360 -6240 -20640 bf
2058 8036 14406 31458 -2646 48804 35182 8820 -11956 -34888 -10192 -33712 udlvfwmpra
4988 -11716 -12354 22736 -9976 22156 -23490 10208 -7714 -10266 -2262 27898 vdnyusknav
5332 -12524 -13206 24304 -10664 23684 -25110 10912 -8246 -10974 -2418 29822 bf
8602 -7038 -4554 15870 -16054 -19734 6716 4922 -19320 15364 -7176 3818 iko
-16082 13158 8514 -29670 30014 36894 -12556 -9202 36120 -28724 13416 -7138 vdnyusknav
7520 -12768 13152 -15040 7168 10784 2688 6368 14272 -256 -3584 11872 hhsjytxdae
-8204 4928 -3668 -5376 13944 -13132 3304 3220 11788 10304 -6412 7140 hhsjytxdae
-1960 2688 -1336 1448 -968 3520 -800 -2952 3544 -2040 -2920 -3928 hhsjytxdae
-21912 -7055 30461 5893 -28884 -1162 996 -16683 -3403 4150 6225 26726 iko
2849 -3437 896 462 1085 266 -924 2338 -1386 1484 -1190 910 bf
-6512 7856 -2048 -1056 -2480 -608 2112 -5344 3168 -3392 2720 -2080 vdnyusknav
1425 125 -1990 2130 1830 1825 -650 35 -1755 440 220 -160 vdnyusknav
5211 -5832 1782 -4887 -2187 8586 7479 -7533 9396 6858 -10206 5508 vdnyusknav
8052 1320 -26268 -8448 4488 22374 7656 11352 -2904 24222 264 -18018 hhsjytxdae
2528 9920 -416 -14368 10880 0 8288 8576 6208 6560 1408 -8512 vdnyusknav
1605 1635 3495 7440 -5625 -795 4560 2970 255 405 -7005 -210 hhsjytxdae
2641 456 5985 -4465 -1919 8208 -2679 9348 3610 -6593 -2299 5985 iko
7744 -9108 13156 10912 -20944 -10164 -1012 -14476 -16104 -15840 5720 -19976 vdnyusknav
-8547 -9240 22253 10934 12859 -37499 31339 36883 1155 26026 22330 28952 udlvfwmpra
26781 -1185 20619 -2370 -21014 -7110 -12877 19513 -33812 9638 -18407 -22278 hhsjytxdae
-11285 -5550 8658 5624 8251 18056 -11322 16132 -2109 -6068 259 2368 udlvfwmpra
14384 13454 29264 -14446 26908 3844 7750 26040 -27652 -15810 17980 13826 iko
8946 10508 -28116 34861 -21300 -28400 -22294 28613 -8946 -28613 14839 -21655 udlvfwmpra
-1545 585 -490 -870 2170 -1485 -1570 1245 -350 -710 2390 1325 udlvfwmpra
-20574 4860 -20898 -15309 -6885 -24057 33129 29484 -2106 -4212 -35316 29160 hhsjytxdae
8712 -1056 -1914 4818 6006 2992 -44 -5060 9724 4884 8800 1298 bf
14652 -1776 -3219 8103 10101 5032 -74 -8510 16354 8214 14800 2183 vdnyusknav
-1980 240 435 -1095 -1365 -680 10 1150 -2210 -1110 -2000 -295 hhsjytxdae
26136 -3168 -5742 14454 18018 8976 -132 -15180 29172 14652 26400 3894 udlvfwmpra
-12672 1536 2784 -7008 -8736 -4352 64 7360 -14144 -7104 -12800 -1888 vdnyusknav
10946 -9308 -12480 -416 -12636 4628 -5174 6526 12116 -3822 -8138 -5668 bf
768 2772 -4836 3180 -4704 -2436 -3252 -4380 -4128 576 504 -744 vdnyusknav
-812 -3283 42 -238 1526 -2737 -2604 1827 -2793 3318 -2016 3150 iko
2484 378 -12663 -1377 -8397 12825 -9315 -11745 -11070 5670 -10557 -486 bf
2096 -4768 -6720 -800 5024 7472 -688 544 -6800 3408 3280 3568 vdnyusknav
-28365 -44826 -25575 26691 -34875 -7905 -38688 -34131 39432 26505 -42966 -28644 vdnyusknav
3388 -756 2324 1085 -931 2576 3143 -77 -2387 -1911 -280 2527 hhsjytxdae
138 -2640 -1392 -2994 -1362 2502 2640 2100 1242 2868 -1104 -1800 udlvfwmpra
11008 -39044 7224 16426 -946 -40420 15652 21758 -37582 -602 -4730 -4558 iko
-6468 8382 -1694 -3080 9944 -2090 7304 -8822 462 528 9306 5280 bf
8228 12540 21516 -11528 -15048 -8404 19316 -6468 -2596 -15840 -17028 -1320 vdnyusknav
18642 -10296 12597 10686 2379 10335 -16146 2457 -5928 -3315 8346 -8892 bf
-6100 2475 5450 3125 25 2675 -8350 -4825 -12050 -10675 11200 -275 udlvfwmpra
33292 -4264 -39524 -37802 -40016 -18860 -30012 34604 -22304 24764 -28044 39524 udlvfwmpra
-3780 -13050 12150 -6660 1260 10170 15840 14805 15435 -9990 -5130 -3645 iko
33026 -26068 -20286 31164 -29988 25774 28028 -38318 28714 -24206 -16366 5782 iko
11458 -9044 -7038 10812 -10404 8942 9724 -13294 9962 -8398 -5678 2006 bf
5850 1560 -1482 4485 2717 4355 4381 5980 -2223 2756 6448 -5330 udlvfwmpra
18202 -13870 14288 4370 12084 -16416 -13756 8778 -14782 12008 -8284 -18240 vdnyusknav
23820 6840 -6540 -19740 27780 -13320 -11220 13680 28920 22680 21600 20520 bf
28443 -20520 -20406 3021 -13053 -285 14706 -18240 15333 -3534 -17043 -5472 bf
-16310 -15960 -17150 22190 7070 13300 26530 -25340 4550 7840 -2240 27230 udlvfwmpra
-13248 3616 3776 9792 -14720 -2464 2368 3680 -5248 11360 -10560 14432 bf
36846 -10057 -10502 -27234 40940 6853 -6586 -10235 14596 -31595 29370 -40139 bf
1207 16188 -32660 -22791 -7526 23998 23856 -30317 -21513 -25560 16259 -26057 iko
-5058 -8046 -18 3420 -5688 -2934 6372 -6480 4212 -3744 -7020 -5508 vdnyusknav
-23363 -12200 -10614 -671 -22997 915 14640 12688 -488 -17812 -10553 -10126 udlvfwmpra
19552 -26602 25662 26038 -16920 0 26696 -30926 -6110 3948 -33934 29046 iko
3952 -5377 5187 5263 -3420 0 5396 -6251 -1235 798 -6859 5871 iko
1184 32116 6290 -20720 9324 5624 24790 25160 -24568 -31154 -11988 -28564 iko
15345 -3844 -124 -2790 -12586 2108 9858 -10044 -5921 -5487 8277 7874 hhsjytxdae
-37845 -18009 7482 -19401 6525 -25491 37149 -12267 -34191 15051 6612 28536 bf
-2849 16650 1850 -481 5476 -18093 -9990 6882 -11433 -6956 -2479 13727 bf
26078 10384 -28379 -16107 23600 29264 24308 13865 -12980 -413 7434 26609 vdnyusknav
-32078 14706 -25456 32336 33282 39732 18834 19694 -33540 -19436 -31132 -17458 vdnyusknav
-4964 -34000 22236 8024 -12784 -32776 25840 1972 26384 -15844 -21624 -5916 udlvfwmpra
-14725 14663 3131 -6758 961 5239 -12121 8339 3100 -7130 7316 -9765 hhsjytxdae
3072 -6672 976 32 1296 -608 3040 7696 -2576 -4784 -5584 -6224 udlvfwmpra
13072 9718 38270 -19006 -688 31218 1978 -39732 31734 258 20898 -5590 hhsjytxdae
-33852 22008 2940 -27552 -1176 33180 -16548 34692 -20496 -30576 -21672 1260 udlvfwmpra
1128 -6768 -12220 17766 2867 -2209 4465 -1128 -13207 6627 19364 15651 bf
-15570 585 -2520 -7605 -5400 11925 -17415 17640 -16020 11295 630 -16695 vdnyusknav
-17646 663 -2856 -8619 -6120 13515 -19737 19992 -18156 12801 714 -18921 iko
30550 29640 -17680 -8320 22750 -20540 31915 3380 -19110 21905 -5330 -18330 bf
-31920 3680 5280 -2640 38880 -36800 4240 -36240 23680 3600 -15200 23680 hhsjytxdae
3822 10166 -4368 1716 3354 4602 7566 11102 -2392 4966 -6682 -10946 udlvfwmpra
1222 5551 5070 -507 -1703 -5629 884 2574 1430 1755 780 5863 udlvfwmpra
-4988 5133 -7598 4234 -10266 -7917 -8671 -1044 -7395 -11832 -12151 -7685 hhsjytxdae
1136 -5325 -24069 30246 20022 -24495 3053 -18744 -213 -12780 25844 -8236 udlvfwmpra
420 -4494 -1743 -693 8484 8904 2457 -2919 -6825 2793 -9828 -4515 bf
4930 5916 -9384 -14314 9248 16252 340 15164 -12036 9928 -11764 6256 hhsjytxdae
9280 11136 -17664 -26944 17408 30592 640 28544 -22656 18688 -22144 11776 iko
-19980 28320 9060 -15420 -10200 14160 14760 -4680 25620 24300 9240 -28560 vdnyusknav
10920 13615 13650 -2240 16625 -15750 13615 10045 2170 -280 -3710 -6860 hhsjytxdae
4472 -2808 3068 1937 3393 1482 -2340 4420 -4238 4498 -2405 -3705 hhsjytxdae
7154 -28324 -10439 -4745 35332 26791 -35989 -19126 -15695 -30806 -22630 33945 vdnyusknav
-27455 11875 9690 -24130 9405 -17575 20710 3990 -24415 12540 -33915 -1330 vdnyusknav
15664 12584 13068 -14388 21736 16192 -15796 10032 20548 21428 20372 14828 hhsjytxdae
42912 -14880 -17088 24960 33216 38304 19008 864 27648 -1536 -24768 -19200 udlvfwmpra
41400 -30510 8010 -17370 39240 -35820 14580 44280 40860 30780 36990 -43020 udlvfwmpra
2415 -1000 1010 -2370 -30 1595 1955 -1585 -30 -310 -505 -65 bf
8192 12224 -2848 -12384 7904 -2080 -15328 -6624 7136 11136 -3712 -2048 iko
-3072 -4584 1068 4644 -2964 780 5748 2484 -2676 -4176 1392 768 hhsjytxdae
