20
10
-150 -405 -15 -445 -320 250 435 310 -55 425 -475 -115 30 220 -5 -205 25 0 -160 165 vg
1500 4050 150 4450 3200 -2500 -4350 -3100 550 -4250 4750 1150 -300 -2200 50 2050 -250 0 1600 -1650 twlx
-1260 -3402 -126 -3738 -2688 2100 3654 2604 -462 3570 -3990 -966 252 1848 -42 -1722 210 0 -1344 1386 b
-2070 -5589 -207 -6141 -4416 3450 6003 4278 -759 5865 -6555 -1587 414 3036 -69 -2829 345 0 -2208 2277 twlx
-1710 -4617 -171 -5073 -3648 2850 4959 3534 -627 4845 -5415 -1311 342 2508 -57 -2337 285 0 -1824 1881 vg
-240 -648 -24 -712 -512 400 696 496 -88 680 -760 -184 48 352 -8 -328 40 0 -256 264 qsqa
1530 4131 153 4539 3264 -2550 -4437 -3162 561 -4335 4845 1173 -306 -2244 51 2091 -255 0 1632 -1683 b
-1290 -3483 -129 -3827 -2752 2150 3741 2666 -473 3655 -4085 -989 258 1892 -43 -1763 215 0 -1376 1419 twlx
2130 5751 213 6319 4544 -3550 -6177 -4402 781 -6035 6745 1633 -426 -3124 71 2911 -355 0 2272 -2343 vg
-2580 -6966 -258 -7654 -5504 4300 7482 5332 -946 7310 -8170 -1978 516 3784 -86 -3526 430 0 -2752 2838 b
