12
200
-25792 12428 18200 -7488 18564 6240 17940 -13416 -13936 2184 -15912 -21788 yrnf
-5400 1596 -672 3864 2988 -4872 -624 -1536 -1320 1860 3612 -3936 tmhuf
-4343 -14448 -9159 -13459 8944 -20812 15996 7052 -14190 -7611 7224 1204 tmhuf
-16240 11060 16100 -14070 13370 -3535 -16975 -17465 -16765 16415 11515 5355 yrnf
22001 -1519 -11760 -12446 8771 -21266 24304 3332 -3675 -3136 -14945 -539 tmhuf
18864 12600 20808 -32832 -28152 -20016 32832 33696 36000 -14328 15768 -28512 yrnf
32944 -22436 -32660 28542 -27122 7171 34435 35429 34009 -33299 -23359 -10863 yrnf
-6944 3346 4900 -2016 4998 1680 4830 -3612 -3752 588 -4284 -5866 tmhuf
16974 7380 -11070 11562 -34194 -12300 -38458 9184 -31570 6396 20828 17138 yrnf
-18848 9082 13300 -5472 13566 4560 13110 -9804 -10184 1596 -11628 -15922 yrnf
2222 7392 4686 6886 -4576 10648 -8184 -3608 7260 3894 -3696 -616 tmhuf
-880 22640 10800 -21680 15600 -38080 29040 -16960 6400 -27280 37360 -18000 yrnf
13662 5940 -8910 9306 -27522 -9900 -30954 7392 -25410 5148 16764 13794 yrnf
18630 8100 -12150 12690 -37530 -13500 -42210 10080 -34650 7020 22860 18810 tmhuf
-5673 17141 -4331 6222 -793 2074 20252 -15738 12749 -8845 30073 -15250 tmhuf
418 -10754 -5130 10298 -7410 18088 -13794 8056 -3040 12958 -17746 8550 tmhuf
-2407 -4756 -14500 10324 -10005 -13369 -13630 7772 -12934 5249 3422 3364 yrnf
27675 -17025 3975 35400 -25275 -6000 23925 -23175 -6075 -8550 7425 -33375 yrnf
-28584 -13320 -23976 -3672 -10008 21456 432 -17424 -15768 -13248 24264 26496 yrnf
9996 -23324 9898 -35966 7644 -1078 -44590 14014 15974 -36260 -9212 9604 tmhuf
-7616 -1700 3400 -272 24072 33796 28152 13668 27744 20128 -6732 22508 yrnf
8118 -4994 1166 10384 -7414 -1760 7018 -6798 -1782 -2508 2178 -9790 tmhuf
-6728 -5626 -12006 -5684 -5394 17748 -27608 -696 -8874 -25404 -21692 -16762 yrnf
15675 600 -2250 -32700 31350 -12300 34650 16125 -11475 -30375 6750 1500 tmhuf
-2656 -5248 -16000 11392 -11040 -14752 -15040 8576 -14272 5792 3776 3712 tmhuf
-9538 -6422 7258 -14668 8436 17784 -15162 -4788 12122 1368 6726 11400 yrnf
-39184 18881 27650 -11376 28203 9480 27255 -20382 -21172 3318 -24174 -33101 tmhuf
-1616 -5376 -3408 -5008 3328 -7744 5952 2624 -5280 -2832 2688 448 yrnf
-14688 14904 1674 -15822 19386 -14094 -1080 864 24570 -18738 486 2484 tmhuf
-12749 -488 1830 26596 -25498 10004 -28182 -13115 9333 24705 -5490 -1220 yrnf
39512 -2728 -21120 -22352 15752 -38192 43648 5984 -6600 -5632 -26840 -968 yrnf
3237 6396 19500 -13884 13455 17979 18330 -10452 17394 -7059 -4602 -4524 yrnf
-205 -5658 13038 6478 -8077 -14842 4756 -19188 -12710 -1968 -17220 2255 tmhuf
-20735 17765 -17270 12155 15565 -15620 11770 -1925 -26235 -14520 26840 -7865 yrnf
5564 -12272 6682 -2080 -12662 -2600 -10634 3640 8034 -442 -6968 12948 tmhuf
7380 -4540 1060 9440 -6740 -1600 6380 -6180 -1620 -2280 1980 -8900 yrnf
-9150 6900 -8190 7770 -14340 5160 -11850 10980 14730 13470 5700 13380 yrnf
-12480 -5280 1920 43872 -39648 3744 8736 -46464 -45216 33312 8544 -20448 yrnf
-19453 -9065 -16317 -2499 -6811 14602 294 -11858 -10731 -9016 16513 18032 yrnf
19056 8880 15984 2448 6672 -14304 -288 11616 10512 8832 -16176 -17664 yrnf
-18352 8843 12950 -5328 13209 4440 12765 -9546 -9916 1554 -11322 -15503 yrnf
-13888 6692 9800 -4032 9996 3360 9660 -7224 -7504 1176 -8568 -11732 tmhuf
0 0 0 0 0 0 0 0 0 0 0 0 tmhuf
15939 6930 -10395 10857 -32109 -11550 -36113 8624 -29645 6006 19558 16093 yrnf
17343 -10669 2491 22184 -15839 -3760 14993 -14523 -3807 -5358 4653 -20915 yrnf
2346 -5474 2323 -8441 1794 -253 -10465 3289 3749 -8510 -2162 2254 yrnf
-42656 20554 30100 -12384 30702 10320 29670 -22188 -23048 3612 -26316 -36034 yrnf
-41664 20076 29400 -12096 29988 10080 28980 -21672 -22512 3528 -25704 -35196 yrnf
11266 7525 12427 -19608 -16813 -11954 19608 20124 21500 -8557 9417 -17028 yrnf
1946 140 -3367 -3052 217 -1127 -2898 -784 -3465 2912 -861 -2079 yrnf
-19056 -8880 -15984 -2448 -6672 14304 288 -11616 -10512 -8832 16176 17664 yrnf
-475 -13110 30210 15010 -18715 -34390 11020 -44460 -29450 -4560 -39900 5225 tmhuf
-3392 -21824 1088 25792 1600 13888 27328 8064 31104 5952 -25216 -19264 yrnf
-11088 -2475 4950 -396 35046 49203 40986 19899 40392 29304 -9801 32769 tmhuf
-9072 -2025 4050 -324 28674 40257 33534 16281 33048 23976 -8019 26811 yrnf
2717 104 -390 -5668 5434 -2132 6006 2795 -1989 -5265 1170 260 yrnf
-4180 -160 600 8720 -8360 3280 -9240 -4300 3060 8100 -1800 -400 tmhuf
2354 -5192 2827 -880 -5357 -1100 -4499 1540 3399 -187 -2948 5478 tmhuf
747 1476 4500 -3204 3105 4149 4230 -2412 4014 -1629 -1062 -1044 tmhuf
-20436 -13650 -22542 35568 30498 21684 -35568 -36504 -39000 15522 -17082 30888 yrnf
-4059 2497 -583 -5192 3707 880 -3509 3399 891 1254 -1089 4895 tmhuf
-5535 3405 -795 -7080 5055 1200 -4785 4635 1215 1710 -1485 6675 yrnf
11132 14300 5148 -19360 -15180 18040 -10868 -3256 -18876 -21516 -1496 -11968 tmhuf
21045 -15870 18837 -17871 32982 -11868 27255 -25254 -33879 -30981 -13110 -30774 tmhuf
-1242 -540 810 -846 2502 900 2814 -672 2310 -468 -1524 -1254 tmhuf
9595 380 -24985 10735 24795 -10925 -1520 9025 -3705 -41135 9025 -760 yrnf
-13936 -31021 -26465 10653 -27135 -17219 -6097 -29614 25996 -16080 -13467 -32696 tmhuf
-25010 18860 -22386 21238 -39196 14104 -32390 30012 40262 36818 15580 36572 yrnf
-1792 -400 800 -64 5664 7952 6624 3216 6528 4736 -1584 5296 tmhuf
-1548 2898 4698 3924 -1908 -1638 6174 4608 -18 1926 3402 -8910 yrnf
18009 7830 -11745 12267 -36279 -13050 -40803 9744 -33495 6786 22098 18183 tmhuf
14022 -8626 2014 17936 -12806 -3040 12122 -11742 -3078 -4332 3762 -16910 tmhuf
9676 -12567 3776 -8260 3658 -9086 -20768 29205 3304 -15340 17877 9499 yrnf
-3971 -152 570 8284 -7942 3116 -8778 -4085 2907 7695 -1710 -380 tmhuf
-43152 20793 30450 -12528 31059 10440 30015 -22446 -23316 3654 -26622 -36453 yrnf
24800 -11950 -17500 7200 -17850 -6000 -17250 12900 13400 -2100 15300 20950 tmhuf
-370 -10212 23532 11692 -14578 -26788 8584 -34632 -22940 -3552 -31080 4070 tmhuf
232 194 414 196 186 -612 952 24 306 876 748 578 yrnf
15555 -11730 13923 -13209 24378 -8772 20145 -18666 -25041 -22899 -9690 -22746 tmhuf
-17511 1209 9360 9906 -6981 16926 -19344 -2652 2925 2496 11895 429 tmhuf
-1310 -875 -1445 2280 1955 1390 -2280 -2340 -2500 995 -1095 1980 tmhuf
4144 925 -1850 148 -13098 -18389 -15318 -7437 -15096 -10952 3663 -12247 tmhuf
-3984 -7872 -24000 17088 -16560 -22128 -22560 12864 -21408 8688 5664 5568 yrnf
-6672 -480 11544 10464 -744 3864 9936 2688 11880 -9984 2952 7128 tmhuf
13498 6290 11322 1734 4726 -10132 -204 8228 7446 6256 -11458 -12512 yrnf
-34200 10108 -4256 24472 18924 -30856 -3952 -9728 -8360 11780 22876 -24928 yrnf
-2484 -1080 1620 -1692 5004 1800 5628 -1344 4620 -936 -3048 -2508 tmhuf
5858 19488 12354 18154 -12064 28072 -21576 -9512 19140 10266 -9744 -1624 tmhuf
39184 -18881 -27650 11376 -28203 -9480 -27255 20382 21172 -3318 24174 33101 yrnf
2299 88 -330 -4796 4598 -1804 5082 2365 -1683 -4455 990 220 tmhuf
-15416 20022 -6016 13160 -5828 14476 33088 -46530 -5264 24440 -28482 -15134 yrnf
-11570 -4895 1780 40673 -36757 3471 8099 -43076 -41919 30883 7921 -18957 tmhuf
7544 -9798 2944 -6440 2852 -7084 -16192 22770 2576 -11960 13938 7406 tmhuf
-2720 2760 310 -2930 3590 -2610 -200 160 4550 -3470 90 460 tmhuf
-23312 11233 16450 -6768 16779 5640 16215 -12126 -12596 1974 -14382 -19693 yrnf
-16478 36344 -19789 6160 37499 7700 31493 -10780 -23793 1309 20636 -38346 yrnf
13919 -961 -7440 -7874 5549 -13454 15376 2108 -2325 -1984 -9455 -341 yrnf
418 16 -60 -872 836 -328 924 430 -306 -810 180 40 tmhuf
7733 296 -1110 -16132 15466 -6068 17094 7955 -5661 -14985 3330 740 yrnf
-19260 42480 -23130 7200 43830 9000 36810 -12600 -27810 1530 24120 -44820 yrnf
17802 7740 -11610 12126 -35862 -12900 -40334 9632 -33110 6708 21844 17974 yrnf
-9516 -2002 7384 78 13000 -5018 -4784 9880 9074 -2106 -8944 8996 tmhuf
498 984 3000 -2136 2070 2766 2820 -1608 2676 -1086 -708 -696 tmhuf
-30160 20540 29900 -26130 24830 -6565 -31525 -32435 -31135 30485 21385 9945 tmhuf
-11696 11868 1333 -12599 15437 -11223 -860 688 19565 -14921 387 1978 yrnf
-125 -3450 7950 3950 -4925 -9050 2900 -11700 -7750 -1200 -10500 1375 tmhuf
11128 -24544 13364 -4160 -25324 -5200 -21268 7280 16068 -884 -13936 25896 yrnf
7936 -3824 -5600 2304 -5712 -1920 -5520 4128 4288 -672 4896 6704 tmhuf
-1170 -495 180 4113 -3717 351 819 -4356 -4239 3123 801 -1917 tmhuf
5152 1150 -2300 184 -16284 -22862 -19044 -9246 -18768 -13616 4554 -15226 tmhuf
-4100 5325 -1600 3500 -1550 3850 8800 -12375 -1400 6500 -7575 -4025 yrnf
-816 -692 1472 88 -896 -940 -668 976 828 1720 -944 -380 yrnf
-20880 14220 20700 -18090 17190 -4545 -21825 -22455 -21555 21105 14805 6885 yrnf
12307 5735 10323 1581 4309 -9238 -186 7502 6789 5704 -10447 -11408 yrnf
650 275 -100 -2285 2065 -195 -455 2420 2355 -1735 -445 1065 tmhuf
4048 5200 1872 -7040 -5520 6560 -3952 -1184 -6864 -7824 -544 -4352 tmhuf
-10660 -4510 1640 37474 -33866 3198 7462 -39688 -38622 28454 7298 -17466 tmhuf
-2704 -6019 -5135 2067 -5265 -3341 -1183 -5746 5044 -3120 -2613 -6344 tmhuf
8856 -5448 1272 11328 -8088 -1920 7656 -7416 -1944 -2736 2376 -10680 yrnf
-35502 -7469 27548 291 48500 -18721 -17848 36860 33853 -7857 -33368 33562 tmhuf
-13612 17679 -5312 11620 -5146 12782 29216 -41085 -4648 21580 -25149 -13363 tmhuf
23820 11100 19980 3060 8340 -17880 -360 14520 13140 11040 -20220 -22080 yrnf
-3312 -1440 2160 -2256 6672 2400 7504 -1792 6160 -1248 -4064 -3344 tmhuf
290 8004 -18444 -9164 11426 20996 -6728 27144 17980 2784 24360 -3190 tmhuf
11408 -5497 -8050 3312 -8211 -2760 -7935 5934 6164 -966 7038 9637 yrnf
-9999 -33264 -21087 -30987 20592 -47916 36828 16236 -32670 -17523 16632 2772 yrnf
5136 -11328 6168 -1920 -11688 -2400 -9816 3360 7416 -408 -6432 11952 yrnf
38976 -26544 -38640 33768 -32088 8484 40740 41916 40236 -39396 -27636 -12852 tmhuf
14076 6120 -9180 9588 -28356 -10200 -31892 7616 -26180 5304 17272 14212 yrnf
-4420 -1870 680 15538 -14042 1326 3094 -16456 -16014 11798 3026 -7242 tmhuf
8400 1875 -3750 300 -26550 -37275 -31050 -15075 -30600 -22200 7425 -24825 tmhuf
832 1852 1580 -636 1620 1028 364 1768 -1552 960 804 1952 yrnf
15483 7215 12987 1989 5421 -11622 -234 9438 8541 7176 -13143 -14352 yrnf
-6848 15104 -8224 2560 15584 3200 13088 -4480 -9888 544 8576 -15936 tmhuf
-8200 10650 -3200 7000 -3100 7700 17600 -24750 -2800 13000 -15150 -8050 tmhuf
-12090 -5115 1860 42501 -38409 3627 8463 -45012 -43803 32271 8277 -19809 tmhuf
5824 12964 11060 -4452 11340 7196 2548 12376 -10864 6720 5628 13664 yrnf
-43200 12768 -5376 30912 23904 -38976 -4992 -12288 -10560 14880 28896 -31488 tmhuf
-9840 12780 -3840 8400 -3720 9240 21120 -29700 -3360 15600 -18180 -9660 yrnf
-41308 2852 22080 23368 -16468 39928 -45632 -6256 6900 5888 28060 1012 tmhuf
-28106 -14100 12502 -7802 28670 -11280 12220 3572 29328 -30456 -4324 -44368 tmhuf
-16093 -616 2310 33572 -32186 12628 -35574 -16555 11781 31185 -6930 -1540 yrnf
150 4140 -9540 -4740 5910 10860 -3480 14040 9300 1440 12600 -1650 yrnf
16236 -9988 2332 20768 -14828 -3520 14036 -13596 -3564 -5016 4356 -19580 tmhuf
-3892 -280 6734 6104 -434 2254 5796 1568 6930 -5824 1722 4158 yrnf
-16720 -640 2400 34880 -33440 13120 -36960 -17200 12240 32400 -7200 -1600 yrnf
-328 426 -128 280 -124 308 704 -990 -112 520 -606 -322 yrnf
-10200 -8650 18400 1100 -11200 -11750 -8350 12200 10350 21500 -11800 -4750 tmhuf
8384 5600 9248 -14592 -12512 -8896 14592 14976 16000 -6368 7008 -12672 yrnf
18392 704 -2640 -38368 36784 -14432 40656 18920 -13464 -35640 7920 1760 yrnf
-7777 -25872 -16401 -24101 16016 -37268 28644 12628 -25410 -13629 12936 2156 tmhuf
9920 -4780 -7000 2880 -7140 -2400 -6900 5160 5360 -840 6120 8380 yrnf
-29696 20224 29440 -25728 24448 -6464 -31040 -31936 -30656 30016 21056 9792 yrnf
-130 -55 20 457 -413 39 91 -484 -471 347 89 -213 yrnf
17995 -13570 16107 -15281 28202 -10148 23305 -21594 -28969 -26491 -11210 -26314 tmhuf
-7860 -5250 -8670 13680 11730 8340 -13680 -14040 -15000 5970 -6570 11880 yrnf
3838 152 -9994 4294 9918 -4370 -608 3610 -1482 -16454 3610 -304 tmhuf
-16146 -7020 10530 -10998 32526 11700 36582 -8736 30030 -6084 -19812 -16302 yrnf
275 7590 -17490 -8690 10835 19910 -6380 25740 17050 2640 23100 -3025 tmhuf
6032 -4108 -5980 5226 -4966 1313 6305 6487 6227 -6097 -4277 -1989 yrnf
-4807 -184 690 10028 -9614 3772 -10626 -4945 3519 9315 -2070 -460 tmhuf
-11286 -432 1620 23544 -22572 8856 -24948 -11610 8262 21870 -4860 -1080 yrnf
1672 64 -240 -3488 3344 -1312 3696 1720 -1224 -3240 720 160 yrnf
35216 -16969 -24850 10224 -25347 -8520 -24495 18318 19028 -2982 21726 29749 yrnf
-14212 -544 2040 29648 -28424 11152 -31416 -14620 10404 27540 -6120 -1360 tmhuf
11895 -8970 10647 -10101 18642 -6708 15405 -14274 -19149 -17511 -7410 -17394 tmhuf
8352 -5688 -8280 7236 -6876 1818 8730 8982 8622 -8442 -5922 -2754 tmhuf
26491 -1829 -14160 -14986 10561 -25606 29264 4012 -4425 -3776 -17995 -649 tmhuf
19040 -19320 -2170 20510 -25130 18270 1400 -1120 -31850 24290 -630 -3220 yrnf
11592 5040 -7560 7896 -23352 -8400 -26264 6272 -21560 4368 14224 11704 yrnf
-15744 20448 -6144 13440 -5952 14784 33792 -47520 -5376 24960 -29088 -15456 tmhuf
-9925 -4625 -8325 -1275 -3475 7450 150 -6050 -5475 -4600 8425 9200 tmhuf
-6831 -2970 4455 -4653 13761 4950 15477 -3696 12705 -2574 -8382 -6897 tmhuf
-24888 -5236 19312 204 34000 -13124 -12512 25840 23732 -5508 -23392 23528 tmhuf
31527 2790 11439 10044 19530 18693 43431 19902 -42594 -21390 -43710 -9486 tmhuf
14880 -7170 -10500 4320 -10710 -3600 -10350 7740 8040 -1260 9180 12570 yrnf
-8700 -7275 -15525 -7350 -6975 22950 -35700 -900 -11475 -32850 -28050 -21675 yrnf
3584 800 -1600 128 -11328 -15904 -13248 -6432 -13056 -9472 3168 -10592 tmhuf
27776 -13384 -19600 8064 -19992 -6720 -19320 14448 15008 -2352 17136 23464 yrnf
4290 1815 -660 -15081 13629 -1287 -3003 15972 15543 -11451 -2937 7029 tmhuf
5225 200 -750 -10900 10450 -4100 11550 5375 -3825 -10125 2250 500 tmhuf
36369 -2511 -19440 -20574 14499 -35154 40176 5508 -6075 -5184 -24705 -891 yrnf
-341 8773 4185 -8401 6045 -14756 11253 -6572 2480 -10571 14477 -6975 tmhuf
16244 10850 17918 -28272 -24242 -17236 28272 29016 31000 -12338 13578 -24552 tmhuf
12704 5920 10656 1632 4448 -9536 -192 7744 7008 5888 -10784 -11776 tmhuf
11232 25002 21330 -8586 21870 13878 4914 23868 -20952 12960 10854 26352 yrnf
-6708 12558 20358 17004 -8268 -7098 26754 19968 -78 8346 14742 -38610 tmhuf
-30966 -14430 -25974 -3978 -10842 23244 468 -18876 -17082 -14352 26286 28704 yrnf
11904 -5736 -8400 3456 -8568 -2880 -8280 6192 6432 -1008 7344 10056 yrnf
39700 18500 33300 5100 13900 -29800 -600 24200 21900 18400 -33700 -36800 tmhuf
42656 -20554 -30100 12384 -30702 -10320 -29670 22188 23048 -3612 26316 36034 tmhuf
14839 568 -2130 -30956 29678 -11644 32802 15265 -10863 -28755 6390 1420 tmhuf
-23322 -11700 10374 -6474 23790 -9360 10140 2964 24336 -25272 -3588 -36816 yrnf
19840 -9560 -14000 5760 -14280 -4800 -13800 10320 10720 -1680 12240 16760 yrnf
3984 7872 24000 -17088 16560 22128 22560 -12864 21408 -8688 -5664 -5568 yrnf
15884 608 -2280 -33136 31768 -12464 35112 16340 -11628 -30780 6840 1520 yrnf
33348 15540 27972 4284 11676 -25032 -504 20328 18396 15456 -28308 -30912 yrnf
5083 2550 -2261 1411 -5185 2040 -2210 -646 -5304 5508 782 8024 yrnf
2448 2076 -4416 -264 2688 2820 2004 -2928 -2484 -5160 2832 1140 tmhuf
208 463 395 -159 405 257 91 442 -388 240 201 488 yrnf
