24
150
-11688 -3264 -2040 -5040 4920 -1248 -3048 -5712 -6696 -7320 9744 -9888 4032 -408 -8232 1056 -768 -6408 9168 3576 2520 6120 -2544 -1944 j
-9180 -3536 10880 15912 -9180 -13566 -3808 -5950 -1734 8194 -7004 -1394 -16320 11730 -12410 -4930 5780 15538 14518 -4012 -4148 5542 -952 -8772 j
-1072 -2216 -120 -2776 -728 -2800 1408 760 -48 -456 -832 -3080 -3736 -1816 -360 0 3112 24 -3568 -4000 -1008 632 -224 -456 zsx
36525 10200 6375 15750 -15375 3900 9525 17850 20925 22875 -30450 30900 -12600 1275 25725 -3300 2400 20025 -28650 -11175 -7875 -19125 7950 6075 bh
6095 -9384 -1794 -1242 -8395 9430 -1012 1679 10097 -3082 7038 -1610 9292 -10120 3151 10695 -1196 -8487 3795 -9683 5336 759 4807 -10672 zsx
17550 14352 -312 -10842 12948 -28782 38454 -13338 37518 -21684 -312 1092 27846 -33852 29640 12168 -12558 22230 31980 27612 -31512 4524 -38766 -22464 j
-16650 -13616 296 10286 -12284 27306 -36482 12654 -35594 20572 296 -1036 -26418 32116 -28120 -11544 11914 -21090 -30340 -26196 29896 -4292 36778 21312 hjvyjahi
34080 36560 7520 33680 22160 28800 -14400 -23760 34800 21760 29440 7120 15200 -38720 7520 -16400 17920 12320 -4320 29360 -8720 -2480 -16240 1840 zsx
-36525 -10200 -6375 -15750 15375 -3900 -9525 -17850 -20925 -22875 30450 -30900 12600 -1275 -25725 3300 -2400 -20025 28650 11175 7875 19125 -7950 -6075 kxveoyrcx
10575 8648 -188 -6533 7802 -17343 23171 -8037 22607 -13066 -188 658 16779 -20398 17860 7332 -7567 13395 19270 16638 -18988 2726 -23359 -13536 hjvyjahi
-23585 36312 6942 4806 32485 -36490 3916 -6497 -39071 11926 -27234 6230 -35956 39160 -12193 -41385 4628 32841 -14685 37469 -20648 -2937 -18601 41296 zsx
-37914 -40673 -8366 -37469 -24653 -32040 16020 26433 -38715 -24208 -32752 -7921 -16910 43076 -8366 18245 -19936 -13706 4806 -32663 9701 2759 18067 -2047 empeeec
938 1939 105 2429 637 2450 -1232 -665 42 399 728 2695 3269 1589 315 0 -2723 -21 3122 3500 882 -553 196 399 kxveoyrcx
9450 7728 -168 -5838 6972 -15498 20706 -7182 20202 -11676 -168 588 14994 -18228 15960 6552 -6762 11970 17220 14868 -16968 2436 -20874 -12096 kxveoyrcx
2025 1656 -36 -1251 1494 -3321 4437 -1539 4329 -2502 -36 126 3213 -3906 3420 1404 -1449 2565 3690 3186 -3636 522 -4473 -2592 hjvyjahi
37986 10608 6630 16380 -15990 4056 9906 18564 21762 23790 -31668 32136 -13104 1326 26754 -3432 2496 20826 -29796 -11622 -8190 -19890 8268 6318 kxveoyrcx
14175 11592 -252 -8757 10458 -23247 31059 -10773 30303 -17514 -252 882 22491 -27342 23940 9828 -10143 17955 25830 22302 -25452 3654 -31311 -18144 zsx
-19125 -15640 340 11815 -14110 31365 -41905 14535 -40885 23630 340 -1190 -30345 36890 -32300 -13260 13685 -24225 -34850 -30090 34340 -4930 42245 24480 empeeec
-37062 -39759 -8178 -36627 -24099 -31320 15660 25839 -37845 -23664 -32016 -7743 -16530 42108 -8178 17835 -19488 -13398 4698 -31929 9483 2697 17661 -2001 nuo
-19610 30192 5772 3996 27010 -30340 3256 -5402 -32486 9916 -22644 5180 -29896 32560 -10138 -34410 3848 27306 -12210 31154 -17168 -2442 -15466 34336 nuo
21300 22850 4700 21050 13850 18000 -9000 -14850 21750 13600 18400 4450 9500 -24200 4700 -10250 11200 7700 -2700 18350 -5450 -1550 -10150 1150 zsx
-4505 6936 1326 918 6205 -6970 748 -1241 -7463 2278 -5202 1190 -6868 7480 -2329 -7905 884 6273 -2805 7157 -3944 -561 -3553 7888 j
-24700 -25700 4600 29500 -45900 -28600 -14100 4800 34400 -46200 7500 -38000 41000 13200 -33500 12900 -38700 -50000 -46200 -38100 -1100 -43600 1100 7800 bh
4725 3864 -84 -2919 3486 -7749 10353 -3591 10101 -5838 -84 294 7497 -9114 7980 3276 -3381 5985 8610 7434 -8484 1218 -10437 -6048 zsx
-5830 8976 1716 1188 8030 -9020 968 -1606 -9658 2948 -6732 1540 -8888 9680 -3014 -10230 1144 8118 -3630 9262 -5104 -726 -4598 10208 hjvyjahi
1742 3601 195 4511 1183 4550 -2288 -1235 78 741 1352 5005 6071 2951 585 0 -5057 -39 5798 6500 1638 -1027 364 741 j
16695 -25704 -4914 -3402 -22995 25830 -2772 4599 27657 -8442 19278 -4410 25452 -27720 8631 29295 -3276 -23247 10395 -26523 14616 2079 13167 -29232 bh
-35784 -38388 -7896 -35364 -23268 -30240 15120 24948 -36540 -22848 -30912 -7476 -15960 40656 -7896 17220 -18816 -12936 4536 -30828 9156 2604 17052 -1932 kxveoyrcx
23055 -35496 -6786 -4698 -31755 35670 -3828 6351 38193 -11658 26622 -6090 35148 -38280 11919 40455 -4524 -32103 14355 -36627 20184 2871 18183 -40368 nuo
2223 2313 -414 -2655 4131 2574 1269 -432 -3096 4158 -675 3420 -3690 -1188 3015 -1161 3483 4500 4158 3429 99 3924 -99 -702 hjvyjahi
-3432 7414 -4334 2640 -6556 3454 -6094 -9174 6930 -506 -5016 638 -2134 -6930 -6952 4466 572 -9878 -7194 1364 10296 10736 -4642 -4026 bh
-14098 -6413 23055 25016 -11024 5194 -17808 -4717 -6307 19239 -19292 -13409 15317 21518 -8003 17437 17119 5459 -23903 17331 1431 10335 -22313 4823 empeeec
29394 31533 6486 29049 19113 24840 -12420 -20493 30015 18768 25392 6141 13110 -33396 6486 -14145 15456 10626 -3726 25323 -7521 -2139 -14007 1587 zsx
11700 9568 -208 -7228 8632 -19188 25636 -8892 25012 -14456 -208 728 18564 -22568 19760 8112 -8372 14820 21320 18408 -21008 3016 -25844 -14976 hjvyjahi
11704 5324 -19140 -20768 9152 -4312 14784 3916 5236 -15972 16016 11132 -12716 -17864 6644 -14476 -14212 -4532 19844 -14388 -1188 -8580 18524 -4004 zsx
2556 2742 564 2526 1662 2160 -1080 -1782 2610 1632 2208 534 1140 -2904 564 -1230 1344 924 -324 2202 -654 -186 -1218 138 nuo
25705 -39576 -7566 -5238 -35405 39770 -4268 7081 42583 -12998 29682 -6790 39188 -42680 13289 45105 -5044 -35793 16005 -40837 22504 3201 20273 -45008 zsx
530 -816 -156 -108 -730 820 -88 146 878 -268 612 -140 808 -880 274 930 -104 -738 330 -842 464 66 418 -928 empeeec
-17100 -13984 304 10564 -12616 28044 -37468 12996 -36556 21128 304 -1064 -27132 32984 -28880 -11856 12236 -21660 -31160 -26904 30704 -4408 37772 21888 zsx
14364 6534 -23490 -25488 11232 -5292 18144 4806 6426 -19602 19656 13662 -15606 -21924 8154 -17766 -17442 -5562 24354 -17658 -1458 -10530 22734 -4914 empeeec
-5035 7752 1482 1026 6935 -7790 836 -1387 -8341 2546 -5814 1330 -7676 8360 -2603 -8835 988 7011 -3135 7999 -4408 -627 -3971 8816 bh
26500 -40800 -7800 -5400 -36500 41000 -4400 7300 43900 -13400 30600 -7000 40400 -44000 13700 46500 -5200 -36900 16500 -42100 23200 3300 20900 -46400 zsx
1800 1472 -32 -1112 1328 -2952 3944 -1368 3848 -2224 -32 112 2856 -3472 3040 1248 -1288 2280 3280 2832 -3232 464 -3976 -2304 hjvyjahi
-11130 17136 3276 2268 15330 -17220 1848 -3066 -18438 5628 -12852 2940 -16968 18480 -5754 -19530 2184 15498 -6930 17682 -9744 -1386 -8778 19488 bh
7176 -15502 9062 -5520 13708 -7222 12742 19182 -14490 1058 10488 -1334 4462 14490 14536 -9338 -1196 20654 15042 -2852 -21528 -22448 9706 8418 hjvyjahi
9900 8096 -176 -6116 7304 -16236 21692 -7524 21164 -12232 -176 616 15708 -19096 16720 6864 -7084 12540 18040 15576 -17776 2552 -21868 -12672 nuo
9225 7544 -164 -5699 6806 -15129 20213 -7011 19721 -11398 -164 574 14637 -17794 15580 6396 -6601 11685 16810 14514 -16564 2378 -20377 -11808 j
2394 1089 -3915 -4248 1872 -882 3024 801 1071 -3267 3276 2277 -2601 -3654 1359 -2961 -2907 -927 4059 -2943 -243 -1755 3789 -819 bh
-7200 -5888 128 4448 -5312 11808 -15776 5472 -15392 8896 128 -448 -11424 13888 -12160 -4992 5152 -9120 -13120 -11328 12928 -1856 15904 9216 empeeec
-2926 -1331 4785 5192 -2288 1078 -3696 -979 -1309 3993 -4004 -2783 3179 4466 -1661 3619 3553 1133 -4961 3597 297 2145 -4631 1001 nuo
-3458 -1573 5655 6136 -2704 1274 -4368 -1157 -1547 4719 -4732 -3289 3757 5278 -1963 4277 4199 1339 -5863 4251 351 2535 -5473 1183 bh
10854 22437 1215 28107 7371 28350 -14256 -7695 486 4617 8424 31185 37827 18387 3645 0 -31509 -243 36126 40500 10206 -6399 2268 4617 hjvyjahi
-675 -552 12 417 -498 1107 -1479 513 -1443 834 12 -42 -1071 1302 -1140 -468 483 -855 -1230 -1062 1212 -174 1491 864 kxveoyrcx
-2650 4080 780 540 3650 -4100 440 -730 -4390 1340 -3060 700 -4040 4400 -1370 -4650 520 3690 -1650 4210 -2320 -330 -2090 4640 empeeec
988 1028 -184 -1180 1836 1144 564 -192 -1376 1848 -300 1520 -1640 -528 1340 -516 1548 2000 1848 1524 44 1744 -44 -312 kxveoyrcx
-24708 -26506 -5452 -24418 -16066 -20880 10440 17226 -25230 -15776 -21344 -5162 -11020 28072 -5452 11890 -12992 -8932 3132 -21286 6322 1798 11774 -1334 nuo
7370 15235 825 19085 5005 19250 -9680 -5225 330 3135 5720 21175 25685 12485 2475 0 -21395 -165 24530 27500 6930 -4345 1540 3135 bh
13566 6171 -22185 -24072 10608 -4998 17136 4539 6069 -18513 18564 12903 -14739 -20706 7701 -16779 -16473 -5253 23001 -16677 -1377 -9945 21471 -4641 hjvyjahi
-4260 -4570 -940 -4210 -2770 -3600 1800 2970 -4350 -2720 -3680 -890 -1900 4840 -940 2050 -2240 -1540 540 -3670 1090 310 2030 -230 zsx
25004 11374 -40890 -44368 19552 -9212 31584 8366 11186 -34122 34216 23782 -27166 -38164 14194 -30926 -30362 -9682 42394 -30738 -2538 -18330 39574 -8554 empeeec
2435 680 425 1050 -1025 260 635 1190 1395 1525 -2030 2060 -840 85 1715 -220 160 1335 -1910 -745 -525 -1275 530 405 empeeec
-1590 2448 468 324 2190 -2460 264 -438 -2634 804 -1836 420 -2424 2640 -822 -2790 312 2214 -990 2526 -1392 -198 -1254 2784 bh
-41748 -44786 -9212 -41258 -27146 -35280 17640 29106 -42630 -26656 -36064 -8722 -18620 47432 -9212 20090 -21952 -15092 5292 -35966 10682 3038 19894 -2254 nuo
10125 8280 -180 -6255 7470 -16605 22185 -7695 21645 -12510 -180 630 16065 -19530 17100 7020 -7245 12825 18450 15930 -18180 2610 -22365 -12960 zsx
-5850 -4784 104 3614 -4316 9594 -12818 4446 -12506 7228 104 -364 -9282 11284 -9880 -4056 4186 -7410 -10660 -9204 10504 -1508 12922 7488 kxveoyrcx
-10452 -21606 -1170 -27066 -7098 -27300 13728 7410 -468 -4446 -8112 -30030 -36426 -17706 -3510 0 30342 234 -34788 -39000 -9828 6162 -2184 -4446 j
7504 15512 840 19432 5096 19600 -9856 -5320 336 3192 5824 21560 26152 12712 2520 0 -21784 -168 24976 28000 7056 -4424 1568 3192 zsx
10318 21329 1155 26719 7007 26950 -13552 -7315 462 4389 8008 29645 35959 17479 3465 0 -29953 -231 34342 38500 9702 -6083 2156 4389 zsx
3408 3656 752 3368 2216 2880 -1440 -2376 3480 2176 2944 712 1520 -3872 752 -1640 1792 1232 -432 2936 -872 -248 -1624 184 zsx
9842 4477 -16095 -17464 7696 -3626 12432 3293 4403 -13431 13468 9361 -10693 -15022 5587 -12173 -11951 -3811 16687 -12099 -999 -7215 15577 -3367 empeeec
-3150 -2576 56 1946 -2324 5166 -6902 2394 -6734 3892 56 -196 -4998 6076 -5320 -2184 2254 -3990 -5740 -4956 5656 -812 6958 4032 bh
4020 8310 450 10410 2730 10500 -5280 -2850 180 1710 3120 11550 14010 6810 1350 0 -11670 -90 13380 15000 3780 -2370 840 1710 bh
22680 8736 -26880 -39312 22680 33516 9408 14700 4284 -20244 17304 3444 40320 -28980 30660 12180 -14280 -38388 -35868 9912 10248 -13692 2352 21672 j
9000 7360 -160 -5560 6640 -14760 19720 -6840 19240 -11120 -160 560 14280 -17360 15200 6240 -6440 11400 16400 14160 -16160 2320 -19880 -11520 empeeec
18675 15272 -332 -11537 13778 -30627 40919 -14193 39923 -23074 -332 1162 29631 -36022 31540 12948 -13363 23655 34030 29382 -33532 4814 -41251 -23904 nuo
-2475 -2024 44 1529 -1826 4059 -5423 1881 -5291 3058 44 -154 -3927 4774 -4180 -1716 1771 -3135 -4510 -3894 4444 -638 5467 3168 nuo
9740 2720 1700 4200 -4100 1040 2540 4760 5580 6100 -8120 8240 -3360 340 6860 -880 640 5340 -7640 -2980 -2100 -5100 2120 1620 kxveoyrcx
21489 22359 -4002 -25665 39933 24882 12267 -4176 -29928 40194 -6525 33060 -35670 -11484 29145 -11223 33669 43500 40194 33147 957 37932 -957 -6786 kxveoyrcx
11122 22991 1245 28801 7553 29050 -14608 -7885 498 4731 8632 31955 38761 18841 3735 0 -32287 -249 37018 41500 10458 -6557 2324 4731 zsx
-16425 -13432 292 10147 -12118 26937 -35989 12483 -35113 20294 292 -1022 -26061 31682 -27740 -11388 11753 -20805 -29930 -25842 29492 -4234 36281 21024 bh
39934 11152 6970 17220 -16810 4264 10414 19516 22878 25010 -33292 33784 -13776 1394 28126 -3608 2624 21894 -31324 -12218 -8610 -20910 8692 6642 bh
12150 9936 -216 -7506 8964 -19926 26622 -9234 25974 -15012 -216 756 19278 -23436 20520 8424 -8694 15390 22140 19116 -21816 3132 -26838 -15552 kxveoyrcx
-9139 -9509 1702 10915 -16983 -10582 -5217 1776 12728 -17094 2775 -14060 15170 4884 -12395 4773 -14319 -18500 -17094 -14097 -407 -16132 407 2886 hjvyjahi
36210 38845 7990 35785 23545 30600 -15300 -25245 36975 23120 31280 7565 16150 -41140 7990 -17425 19040 13090 -4590 31195 -9265 -2635 -17255 1955 hjvyjahi
2250 1840 -40 -1390 1660 -3690 4930 -1710 4810 -2780 -40 140 3570 -4340 3800 1560 -1610 2850 4100 3540 -4040 580 -4970 -2880 hjvyjahi
-11390 -23545 -1275 -29495 -7735 -29750 14960 8075 -510 -4845 -8840 -32725 -39695 -19295 -3825 0 33065 255 -37910 -42500 -10710 6715 -2380 -4845 nuo
5035 -7752 -1482 -1026 -6935 7790 -836 1387 8341 -2546 5814 -1330 7676 -8360 2603 8835 -988 -7011 3135 -7999 4408 627 3971 -8816 bh
35358 37931 7802 34943 22991 29880 -14940 -24651 36105 22576 30544 7387 15770 -40172 7802 -17015 18592 12782 -4482 30461 -9047 -2573 -16849 1909 hjvyjahi
-4770 7344 1404 972 6570 -7380 792 -1314 -7902 2412 -5508 1260 -7272 7920 -2466 -8370 936 6642 -2970 7578 -4176 -594 -3762 8352 nuo
6384 2904 -10440 -11328 4992 -2352 8064 2136 2856 -8712 8736 6072 -6936 -9744 3624 -7896 -7752 -2472 10824 -7848 -648 -4680 10104 -2184 bh
18550 -28560 -5460 -3780 -25550 28700 -3080 5110 30730 -9380 21420 -4900 28280 -30800 9590 32550 -3640 -25830 11550 -29470 16240 2310 14630 -32480 zsx
-6525 -5336 116 4031 -4814 10701 -14297 4959 -13949 8062 116 -406 -10353 12586 -11020 -4524 4669 -8265 -11890 -10266 11716 -1682 14413 8352 kxveoyrcx
-39447 -11016 -6885 -17010 16605 -4212 -10287 -19278 -22599 -24705 32886 -33372 13608 -1377 -27783 3564 -2592 -21627 30942 12069 8505 20655 -8586 -6561 bh
798 363 -1305 -1416 624 -294 1008 267 357 -1089 1092 759 -867 -1218 453 -987 -969 -309 1353 -981 -81 -585 1263 -273 empeeec
-14079 -14649 2622 16815 -26163 -16302 -8037 2736 19608 -26334 4275 -21660 23370 7524 -19095 7353 -22059 -28500 -26334 -21717 -627 -24852 627 4446 hjvyjahi
-10988 -22714 -1230 -28454 -7462 -28700 14432 7790 -492 -4674 -8528 -31570 -38294 -18614 -3690 0 31898 246 -36572 -41000 -10332 6478 -2296 -4674 hjvyjahi
1474 3047 165 3817 1001 3850 -1936 -1045 66 627 1144 4235 5137 2497 495 0 -4279 -33 4906 5500 1386 -869 308 627 zsx
42600 45700 9400 42100 27700 36000 -18000 -29700 43500 27200 36800 8900 19000 -48400 9400 -20500 22400 15400 -5400 36700 -10900 -3100 -20300 2300 nuo
4288 8864 480 11104 2912 11200 -5632 -3040 192 1824 3328 12320 14944 7264 1440 0 -12448 -96 14272 16000 4032 -2528 896 1824 hjvyjahi
-5175 -4232 92 3197 -3818 8487 -11339 3933 -11063 6394 92 -322 -8211 9982 -8740 -3588 3703 -6555 -9430 -8142 9292 -1334 11431 6624 hjvyjahi
-6300 -5152 112 3892 -4648 10332 -13804 4788 -13468 7784 112 -392 -9996 12152 -10640 -4368 4508 -7980 -11480 -9912 11312 -1624 13916 8064 zsx
-7869 -6966 -3526 16297 8686 -21199 -10707 11825 -4128 -13416 4730 -7052 8428 -1290 11997 -16297 -6837 -6923 -8127 -4816 -14362 8686 16254 -16426 nuo
25811 7208 4505 11130 -10865 2756 6731 12614 14787 16165 -21518 21836 -8904 901 18179 -2332 1696 14151 -20246 -7897 -5565 -13515 5618 4293 hjvyjahi
20025 16376 -356 -12371 14774 -32841 43877 -15219 42809 -24742 -356 1246 31773 -38626 33820 13884 -14329 25365 36490 31506 -35956 5162 -44233 -25632 zsx
11475 9384 -204 -7089 8466 -18819 25143 -8721 24531 -14178 -204 714 18207 -22134 19380 7956 -8211 14535 20910 18054 -20604 2958 -25347 -14688 bh
8844 18282 990 22902 6006 23100 -11616 -6270 396 3762 6864 25410 30822 14982 2970 0 -25674 -198 29436 33000 8316 -5214 1848 3762 j
0 0 0 0 0 0 0 0 0 0 0 0 0 0 0 0 0 0 0 0 0 0 0 0 j
-24350 -6800 -4250 -10500 10250 -2600 -6350 -11900 -13950 -15250 20300 -20600 8400 -850 -17150 2200 -1600 -13350 19100 7450 5250 12750 -5300 -4050 zsx
16430 -25296 -4836 -3348 -22630 25420 -2728 4526 27218 -8308 18972 -4340 25048 -27280 8494 28830 -3224 -22878 10230 -26102 14384 2046 12958 -28768 nuo
-14058 -15081 -3102 -13893 -9141 -11880 5940 9801 -14355 -8976 -12144 -2937 -6270 15972 -3102 6765 -7392 -5082 1782 -12111 3597 1023 6699 -759 bh
3216 6648 360 8328 2184 8400 -4224 -2280 144 1368 2496 9240 11208 5448 1080 0 -9336 -72 10704 12000 3024 -1896 672 1368 bh
25134 26963 5546 24839 16343 21240 -10620 -17523 25665 16048 21712 5251 11210 -28556 5546 -12095 13216 9086 -3186 21653 -6431 -1829 -11977 1357 bh
6818 1904 1190 2940 -2870 728 1778 3332 3906 4270 -5684 5768 -2352 238 4802 -616 448 3738 -5348 -2086 -1470 -3570 1484 1134 kxveoyrcx
11232 -24264 14184 -8640 21456 -11304 19944 30024 -22680 1656 16416 -2088 6984 22680 22752 -14616 -1872 32328 23544 -4464 -33696 -35136 15192 13176 nuo
18318 19651 4042 18103 11911 15480 -7740 -12771 18705 11696 15824 3827 8170 -20812 4042 -8815 9632 6622 -2322 15781 -4687 -1333 -8729 989 j
-2250 -1840 40 1390 -1660 3690 -4930 1710 -4810 2780 40 -140 -3570 4340 -3800 -1560 1610 -2850 -4100 -3540 4040 -580 4970 2880 zsx
-4725 -3864 84 2919 -3486 7749 -10353 3591 -10101 5838 84 -294 -7497 9114 -7980 -3276 3381 -5985 -8610 -7434 8484 -1218 10437 6048 hjvyjahi
-9010 13872 2652 1836 12410 -13940 1496 -2482 -14926 4556 -10404 2380 -13736 14960 -4658 -15810 1768 12546 -5610 14314 -7888 -1122 -7106 15776 kxveoyrcx
-17822 -8107 29145 31624 -13936 6566 -22512 -5963 -7973 24321 -24388 -16951 19363 27202 -10117 22043 21641 6901 -30217 21909 1809 13065 -28207 6097 nuo
15975 13064 -284 -9869 11786 -26199 35003 -12141 34151 -19738 -284 994 25347 -30814 26980 11076 -11431 20235 29110 25134 -28684 4118 -35287 -20448 empeeec
-14820 32015 -18715 11400 -28310 14915 -26315 -39615 29925 -2185 -21660 2755 -9215 -29925 -30020 19285 2470 -42655 -31065 5890 44460 46360 -20045 -17385 zsx
32802 35189 7238 32417 21329 27720 -13860 -22869 33495 20944 28336 6853 14630 -37268 7238 -15785 17248 11858 -4158 28259 -8393 -2387 -15631 1771 bh
5400 4416 -96 -3336 3984 -8856 11832 -4104 11544 -6672 -96 336 8568 -10416 9120 3744 -3864 6840 9840 8496 -9696 1392 -11928 -6912 hjvyjahi
-2223 -2313 414 2655 -4131 -2574 -1269 432 3096 -4158 675 -3420 3690 1188 -3015 1161 -3483 -4500 -4158 -3429 -99 -3924 99 702 empeeec
-5400 -4416 96 3336 -3984 8856 -11832 4104 -11544 6672 96 -336 -8568 10416 -9120 -3744 3864 -6840 -9840 -8496 9696 -1392 11928 6912 bh
-19350 -15824 344 11954 -14276 31734 -42398 14706 -41366 23908 344 -1204 -30702 37324 -32680 -13416 13846 -24510 -35260 -30444 34744 -4988 42742 24768 j
-40044 -42958 -8836 -39574 -26038 -33840 16920 27918 -40890 -25568 -34592 -8366 -17860 45496 -8836 19270 -21056 -14476 5076 -34498 10246 2914 19082 -2162 zsx
9112 18836 1020 23596 6188 23800 -11968 -6460 408 3876 7072 26180 31756 15436 3060 0 -26452 -204 30328 34000 8568 -5372 1904 3876 hjvyjahi
25536 11616 -41760 -45312 19968 -9408 32256 8544 11424 -34848 34944 24288 -27744 -38976 14496 -31584 -31008 -9888 43296 -31392 -2592 -18720 40416 -8736 bh
-25802 -11737 42195 45784 -20176 9506 -32592 -8633 -11543 35211 -35308 -24541 28033 39382 -14647 31913 31331 9991 -43747 31719 2619 18915 -40837 8827 hjvyjahi
-8550 -6992 152 5282 -6308 14022 -18734 6498 -18278 10564 152 -532 -13566 16492 -14440 -5928 6118 -10830 -15580 -13452 15352 -2204 18886 10944 hjvyjahi
-10865 16728 3198 2214 14965 -16810 1804 -2993 -17999 5494 -12546 2870 -16564 18040 -5617 -19065 2132 15129 -6765 17261 -9512 -1353 -8569 19024 kxveoyrcx
-18450 -15088 328 11398 -13612 30258 -40426 14022 -39442 22796 328 -1148 -29274 35588 -31160 -12792 13202 -23370 -33620 -29028 33128 -4756 40754 23616 empeeec
23465 24415 -4370 -28025 43605 27170 13395 -4560 -32680 43890 -7125 36100 -38950 -12540 31825 -12255 36765 47500 43890 36195 1045 41420 -1045 -7410 j
-12780 -13710 -2820 -12630 -8310 -10800 5400 8910 -13050 -8160 -11040 -2670 -5700 14520 -2820 6150 -6720 -4620 1620 -11010 3270 930 6090 -690 hjvyjahi
-17755 27336 5226 3618 24455 -27470 2948 -4891 -29413 8978 -20502 4690 -27068 29480 -9179 -31155 3484 24723 -11055 28207 -15544 -2211 -14003 31088 j
6890 -10608 -2028 -1404 -9490 10660 -1144 1898 11414 -3484 7956 -1820 10504 -11440 3562 12090 -1352 -9594 4290 -10946 6032 858 5434 -12064 zsx
-1125 -920 20 695 -830 1845 -2465 855 -2405 1390 20 -70 -1785 2170 -1900 -780 805 -1425 -2050 -1770 2020 -290 2485 1440 j
10335 -15912 -3042 -2106 -14235 15990 -1716 2847 17121 -5226 11934 -2730 15756 -17160 5343 18135 -2028 -14391 6435 -16419 9048 1287 8151 -18096 j
-2546 -5263 -285 -6593 -1729 -6650 3344 1805 -114 -1083 -1976 -7315 -8873 -4313 -855 0 7391 57 -8474 -9500 -2394 1501 -532 -1083 nuo
-13050 -10672 232 8062 -9628 21402 -28594 9918 -27898 16124 232 -812 -20706 25172 -22040 -9048 9338 -16530 -23780 -20532 23432 -3364 28826 16704 kxveoyrcx
13780 -21216 -4056 -2808 -18980 21320 -2288 3796 22828 -6968 15912 -3640 21008 -22880 7124 24180 -2704 -19188 8580 -21892 12064 1716 10868 -24128 zsx
14573 15163 -2714 -17405 27081 16874 8319 -2832 -20296 27258 -4425 22420 -24190 -7788 19765 -7611 22833 29500 27258 22479 649 25724 -649 -4602 empeeec
-8325 -6808 148 5143 -6142 13653 -18241 6327 -17797 10286 148 -518 -13209 16058 -14060 -5772 5957 -10545 -15170 -13098 14948 -2146 18389 10656 hjvyjahi
-8100 -6624 144 5004 -5976 13284 -17748 6156 -17316 10008 144 -504 -12852 15624 -13680 -5616 5796 -10260 -14760 -12744 14544 -2088 17892 10368 j
-2025 -1656 36 1251 -1494 3321 -4437 1539 -4329 2502 36 -126 -3213 3906 -3420 -1404 1449 -2565 -3690 -3186 3636 -522 4473 2592 hjvyjahi
41322 44329 9118 40837 26869 34920 -17460 -28809 42195 26384 35696 8633 18430 -46948 9118 -19885 21728 14938 -5238 35599 -10573 -3007 -19691 2231 j
16650 13616 -296 -10286 12284 -27306 36482 -12654 35594 -20572 -296 1036 26418 -32116 28120 11544 -11914 21090 30340 26196 -29896 4292 -36778 -21312 hjvyjahi
24837 6936 4335 10710 -10455 2652 6477 12138 14229 15555 -20706 21012 -8568 867 17493 -2244 1632 13617 -19482 -7599 -5355 -13005 5406 4131 empeeec
-18090 -6968 21440 31356 -18090 -26733 -7504 -11725 -3417 16147 -13802 -2747 -32160 23115 -24455 -9715 11390 30619 28609 -7906 -8174 10921 -1876 -17286 empeeec
