12
200
126945 -85267 53963 -15288 33670 -75166 -7735 112385 -49322 95732 26663 -3367 haalgkc
-50232 -3864 28796 6302 42918 41216 -35466 6394 20010 -51658 -62422 -37628 haalgkc
612 6052 -100572 44200 -96356 41072 -47600 -25160 -83844 45084 89828 50728 haalgkc
27692 -35926 -20286 46414 -9706 -49680 29854 37628 -55430 68862 -34730 26542 haalgkc
24400 28680 -80 50240 25760 -22560 59200 8920 48640 -52360 -37600 29920 haalgkc
2240 15920 -19880 -27020 -17360 24600 -19800 3720 -21720 2760 -26780 5500 f
-4165 51975 -34405 47425 23205 15295 37835 47810 -26810 -20930 -13440 28490 f
30702 -39831 -22491 51459 -10761 -55080 33099 41718 -61455 76347 -38505 29427 p
-39312 -3024 22536 4932 33588 32256 -27756 5004 15660 -40428 -48852 -29448 haalgkc
-27636 2751 -13671 30555 -25158 27909 2898 -14007 -7980 -7035 -27825 -8316 f
28866 7752 -54570 15045 459 49266 -72675 65229 50796 -24276 -47022 -46308 p
252 -3588 -54 -7296 -5118 2208 -7422 4392 -3438 792 7716 -894 p
-80889 54752 -72865 62304 15635 -56345 -78293 55696 33158 51212 17464 53985 haalgkc
-45806 34410 31191 -41884 5291 -20350 -14652 -13135 -51319 -24864 44067 -28009 p
33712 -43736 -24696 56504 -11816 -60480 36344 45808 -67480 83832 -42280 32312 p
25110 -16866 10674 -3024 6660 -14868 -1530 22230 -9756 18936 5274 -666 p
-36478 9638 -37698 77653 -51911 -73444 50996 -88999 -91195 -46055 -81435 89914 f
-3210 -3153 -3135 -3561 -4230 -3681 -3354 2952 -1104 -1527 -4128 339 haalgkc
35441 67728 -67147 -111469 106489 59262 -19754 -6640 49717 -90470 -7885 86154 p
45074 -93000 -17360 90334 -45570 -42842 30194 34906 -71362 -39184 45570 -9486 p
33880 130944 -31416 -37224 -98912 -38896 -35464 52008 114488 131560 -122760 -93720 p
8490 2280 -16050 4425 135 14490 -21375 19185 14940 -7140 -13830 -13620 haalgkc
59640 53172 -18564 92064 -121380 10248 -53676 113484 -121380 -41412 -113568 32424 f
9368 -11072 4376 -9408 2584 -4464 8120 -944 -9904 -11272 5936 5136 p
18144 15156 -11214 -26262 -3888 -2088 -22068 14022 15066 -2412 2664 -1494 p
-32452 -62016 61484 102068 -97508 -54264 18088 6080 -45524 82840 7220 -78888 f
-92484 -125496 66444 -108528 -57960 82572 -29736 109284 -37296 -25284 53088 -49140 f
-6975 4685 -2965 840 -1850 4130 425 -6175 2710 -5260 -1465 185 p
14150 3800 -26750 7375 225 24150 -35625 31975 24900 -11900 -23050 -22700 haalgkc
8235 -1377 2817 -7146 10872 -1692 11817 -54 -4824 -3726 -1746 9396 p
783 7743 -128673 56550 -123279 52548 -60900 -32190 -107271 57681 114927 64902 haalgkc
56682 -141000 140154 39762 81592 72192 93624 63920 126524 38634 127088 12596 haalgkc
-33693 -22407 -36366 -41118 26103 -2838 25443 -26961 12903 -24552 -30822 -30294 p
6180 -7115 6960 -3675 3945 4130 -1715 6065 1180 -7455 -1290 -6100 f
1206 -1327 1099 -28 204 1180 415 1190 394 -1377 868 -667 f
-7896 786 -3906 8730 -7188 7974 828 -4002 -2280 -2010 -7950 -2376 f
2436 -34684 -522 -70528 -49474 21344 -71746 42456 -33234 7656 74588 -8642 p
-19350 12814 -53707 -38442 -57921 37367 -1290 -63382 -48848 34830 -25929 35647 f
-7875 -1251 9792 -7389 -4932 2925 -10323 6426 12690 -7371 -1341 3798 f
-124085 -18841 25232 49053 64242 114042 -83415 7138 -34279 -9711 -87731 3735 p
16653 31824 -31551 -52377 50037 27846 -9282 -3120 23361 -42510 -3705 40482 p
-43750 -6950 54400 -41050 -27400 16250 -57350 35700 70500 -40950 -7450 21100 haalgkc
-1024 3552 -33472 -18304 -11072 -9888 -17024 -35904 9120 -39488 -3968 -4288 haalgkc
-23010 52650 28353 -13611 -31122 -29874 28665 -21333 -44343 34125 -52260 36582 haalgkc
-75000 86460 59760 35100 -480 -48600 10080 -38160 -81600 31680 -35880 77220 haalgkc
-641 -674 533 -137 -863 978 -866 303 1013 -1238 -709 -595 p
3234 -46046 -693 -93632 -65681 28336 -95249 56364 -44121 10164 99022 -11473 p
42160 -51800 49080 -25800 -50680 25280 -59800 53080 -5360 39000 -58600 36880 haalgkc
31856 -50556 -46024 -18260 48444 -45760 -33132 -31504 19096 12496 48620 49764 p
-50724 48024 -14724 -47232 49680 5112 53388 -5292 -44136 36324 8316 9720 haalgkc
-3900 18785 -7150 1586 -4160 -17043 3328 -13533 -936 -2808 18655 -19071 haalgkc
24080 -31240 -17640 40360 -8440 -43200 25960 32720 -48200 59880 -30200 23080 p
49808 13376 -94160 25960 792 85008 -125400 112552 87648 -41888 -81136 -79904 p
-6783 84645 -56031 77235 37791 24909 61617 77862 -43662 -34086 -21888 46398 p
23760 -7150 -73810 -49830 -28710 -12815 35475 34540 35695 -77110 -7920 62700 p
57456 47994 -35511 -83163 -12312 -6612 -69882 44403 47709 -7638 8436 -4731 f
-78811 44626 63706 -16854 -67787 -7261 6519 -44679 -70119 -61003 32118 -17172 haalgkc
-15267 31500 5880 -30597 15435 14511 -10227 -11823 24171 13272 -15435 3213 f
39060 -26236 16604 -4704 10360 -23128 -2380 34580 -15176 29456 8204 -1036 f
-3050 -3585 10 -6280 -3220 2820 -7400 -1115 -6080 6545 4700 -3740 haalgkc
-37597 -21730 14104 35137 -15826 37515 8528 -52931 -10906 51291 -25543 41328 p
2296 -912 -10736 4856 -6216 -11696 -8064 4392 -6208 -192 3528 -10624 f
6125 973 -7616 5747 3836 -2275 8029 -4998 -9870 5733 1043 -2954 haalgkc
30659 7912 -18699 -10143 -1472 26565 -29624 -22494 25369 -28267 14375 9568 f
-40076 39517 9288 51084 -24983 47730 -10019 -50740 -59426 15136 -40936 31046 f
86490 -58094 36766 -10416 22940 -51212 -5270 76570 -33604 65224 18166 -2294 p
47250 7506 -58752 44334 29592 -17550 61938 -38556 -76140 44226 8046 -22788 p
-90303 82677 54963 25110 -94581 122016 101556 -65100 -99882 133734 18693 -26691 p
59985 -40291 25499 -7224 15910 -35518 -3655 53105 -23306 45236 12599 -1591 haalgkc
3162 -3885 3681 -1935 -3801 1896 -4485 3981 -402 2925 -4395 2766 f
35688 -20208 -28848 7632 30696 3288 -2952 20232 31752 27624 -14544 7776 f
122580 96120 -21510 -540 -91260 -56430 -103770 -37170 -79110 51840 -32580 134190 p
49518 28620 -18576 -46278 20844 -49410 -11232 69714 14364 -67554 33642 -54432 haalgkc
-116375 59185 -138320 -39900 -137085 62225 20710 -108680 114190 140220 -8645 140600 f
-64323 -42777 -69426 -78498 49833 -5418 48573 -51471 24633 -46872 -58842 -57834 haalgkc
89280 -59968 37952 -10752 23680 -52864 -5440 79040 -34688 67328 18752 -2368 haalgkc
-2751 -1590 1032 2571 -1158 2745 624 -3873 -798 3753 -1869 3024 p
-17487 43500 -43239 -12267 -25172 -22272 -28884 -19720 -39034 -11919 -39208 -3886 p
18414 19716 38812 -24242 -79546 -41044 -70308 -67704 69130 79794 -50096 -7316 f
-816 6660 -14832 -13692 14712 480 -2016 -12420 13224 -13524 -13836 10620 p
42336 35364 -26166 -61278 -9072 -4872 -51492 32718 35154 -5628 6216 -3486 p
-5063 3984 -77439 22161 44571 -48555 16185 113544 120765 -104580 39674 41915 f
-28341 70500 -70077 -19881 -40796 -36096 -46812 -31960 -63262 -19317 -63544 -6298 haalgkc
-35875 -5699 44608 -33661 -22468 13325 -47027 29274 57810 -33579 -6109 17302 f
2989 5712 -5663 -9401 8981 4998 -1666 -560 4193 -7630 -665 7266 haalgkc
-15536 14224 9456 4320 -16272 20992 17472 -11200 -17184 23008 3216 -4592 p
-16684 82159 -33756 16199 140844 124063 56454 67803 116012 70713 97291 -100589 p
-24338 -6536 46010 -12685 -387 -41538 61275 -54997 -42828 20468 39646 39044 f
27900 -134385 51150 -11346 29760 121923 -23808 96813 6696 20088 -133455 136431 f
-34169 70500 13160 -68479 34545 32477 -22889 -26461 54097 29704 -34545 7191 haalgkc
11737 -70810 23280 -55387 -6305 -142590 -41419 92053 -114460 -136964 72944 114363 p
3660 -612 1252 -3176 4832 -752 5252 -24 -2144 -1656 -776 4176 p
135897 70810 -136285 -90210 -28809 115236 108155 -8730 100783 -40061 58103 -10670 p
24108 -9576 -112728 50988 -65268 -122808 -84672 46116 -65184 -2016 37044 -111552 f
12452 3344 -23540 6490 198 21252 -31350 28138 21912 -10472 -20284 -19976 haalgkc
-91725 -36900 -96825 59325 72600 -84600 -104625 -82050 -81825 -37350 48225 -85800 f
-9000 43350 -16500 3660 -9600 -39330 7680 -31230 -2160 -6480 43050 -44010 p
-48150 -47295 -47025 -53415 -63450 -55215 -50310 44280 -16560 -22905 -61920 5085 p
7392 52536 -65604 -89166 -57288 81180 -65340 12276 -71676 9108 -88374 18150 haalgkc
26899 -55500 -10360 53909 -27195 -25567 18019 20831 -42587 -23384 27195 -5661 haalgkc
31950 28485 -9945 49320 -65025 5490 -28755 60795 -65025 -22185 -60840 17370 p
35670 48216 44321 12300 -19516 46494 39442 -3813 -37761 29602 -25133 31406 f
24680 28440 -12080 19880 -2460 -21100 -26000 16540 -16320 21880 -24000 1280 haalgkc
49220 48346 48070 54602 64860 56442 51428 -45264 16928 23414 63296 -5198 haalgkc
-72666 -98604 52206 -85272 -45540 64878 -23364 85866 -29304 -19866 41712 -38610 f
11992 11144 3296 -2512 -7608 -9600 40 11544 11048 -10120 224 -10032 p
50278 -10626 -26266 2806 -39836 38686 -34362 -6670 -29946 36662 48576 -17066 f
-50594 -58302 24764 -40754 5043 43255 53300 -33907 33456 -44854 49200 -2624 haalgkc
-19629 40500 7560 -39339 19845 18657 -13149 -15201 31077 17064 -19845 4131 haalgkc
7973 -99495 65861 -90785 -44421 -29279 -72427 -91522 51322 40066 25728 -54538 f
82088 -12214 -84754 -86986 -5270 -3720 -79794 -59148 -5952 -46686 27652 36704 f
-21436 21137 4968 27324 -13363 25530 -5359 -27140 -31786 8096 -21896 16606 p
-89311 -23048 54471 29547 4288 -77385 86296 65526 -73901 82343 -41875 -27872 haalgkc
-115425 -52155 -15200 -70395 -40090 125685 -98135 -1520 112195 87210 -47785 -3705 f
-65475 44620 -84099 15520 -49373 120959 -54805 -103305 99231 -26287 91665 37636 haalgkc
-70290 -62667 21879 -108504 143055 -12078 63261 -133749 143055 48807 133848 -38214 f
90644 -111370 105522 -55470 -108962 54352 -128570 114122 -11524 83850 -125990 79292 f
-16666 -17524 13858 -3562 -22438 25428 -22516 7878 26338 -32188 -18434 -15470 haalgkc
-21000 -3336 26112 -19704 -13152 7800 -27528 17136 33840 -19656 -3576 10128 f
109452 -38640 -116508 33432 -122724 119364 15540 -108192 29316 -47712 92736 82404 f
-33075 22540 -42483 7840 -24941 61103 -27685 -52185 50127 -13279 46305 19012 f
99954 115182 -48924 80514 -9963 -85455 -105300 66987 -66096 88614 -97200 5184 haalgkc
5484 -3712 4940 -4224 -1060 3820 5308 -3776 -2248 -3472 -1184 -3660 p
88172 -8777 43617 -97485 80266 -89043 -9246 44689 25460 22445 88775 26532 p
-143520 -21792 29184 56736 74304 131904 -96480 8256 -39648 -11232 -101472 4320 f
-5152 -36616 45724 62146 39928 -56580 45540 -8556 49956 -6348 61594 -12650 f
69125 10981 -85952 64859 43292 -25675 90613 -56406 -111390 64701 11771 -33338 p
30850 35550 -15100 24850 -3075 -26375 -32500 20675 -20400 27350 -30000 1600 p
486 4806 -79866 35100 -76518 32616 -37800 -19980 -66582 35802 71334 40284 f
44610 -25260 -36060 9540 38370 4110 -3690 25290 39690 34530 -18180 9720 p
70875 11259 -88128 66501 44388 -26325 92907 -57834 -114210 66339 12069 -34182 p
-5296 -5544 -4144 -5368 -3164 -3788 -4788 -1128 2104 4048 5556 -1356 haalgkc
5680 5064 -1768 8768 -11560 976 -5112 10808 -11560 -3944 -10816 3088 p
1288 1360 -1588 160 -2528 -72 1072 -5472 -3484 -3240 -808 1796 f
-225 -2225 36975 -16250 35425 -15100 17500 9250 30825 -16575 -33025 -18650 haalgkc
183 -144 2799 -801 -1611 1755 -585 -4104 -4365 3780 -1434 -1515 p
-98000 49840 -116480 -33600 -115440 52400 17440 -91520 96160 118080 -7280 118400 haalgkc
55068 71864 -40716 15600 -6292 17680 31824 76336 20124 18772 30264 -24908 f
89848 59752 96976 109648 -69608 7568 -67848 71896 -34408 65472 82192 80784 haalgkc
-95733 4554 55341 -81081 -143649 -41679 12573 74349 -41877 146421 88902 60786 haalgkc
-21508 -5776 40660 -11210 -342 -36708 54150 -48602 -37848 18088 35036 34504 haalgkc
73080 98784 90804 25200 -39984 95256 80808 -7812 -77364 60648 -51492 64344 p
15431 858 1404 -3731 -4745 8398 -9646 10088 10881 15119 247 -8645 p
-37386 93000 -92442 -26226 -53816 -47616 -61752 -42160 -83452 -25482 -83824 -8308 f
-72760 -71468 -71060 -80716 -95880 -83436 -76024 66912 -25024 -34612 -93568 7684 f
12609 6570 -12645 -8370 -2673 10692 10035 -810 9351 -3717 5391 -990 haalgkc
7128 7632 15024 -9384 -30792 -15888 -27216 -26208 26760 30888 -19392 -2832 p
-10234 127710 -84538 116530 57018 37582 92966 117476 -65876 -51428 -33024 70004 p
69748 -6943 34503 -77115 63494 -70437 -7314 35351 20140 17755 70225 20988 f
-72806 -83898 35636 -58646 7257 62245 76700 -48793 48144 -64546 70800 -3776 haalgkc
-41607 103500 -102879 -29187 -59892 -52992 -68724 -46920 -92874 -28359 -93288 -9246 haalgkc
38388 -25984 34580 -29568 -7420 26740 37156 -26432 -15736 -24304 -8288 -25620 haalgkc
69540 -11628 23788 -60344 91808 -14288 99788 -456 -40736 -31464 -14744 79344 haalgkc
2520 -35880 -540 -72960 -51180 22080 -74220 43920 -34380 7920 77160 -8940 haalgkc
-4816 6248 3528 -8072 1688 8640 -5192 -6544 9640 -11976 6040 -4616 haalgkc
94336 -82432 -68352 2432 23104 58880 -79808 -40640 -41152 86720 85312 5184 f
-992 3441 -32426 -17732 -10726 -9579 -16492 -34782 8835 -38254 -3844 -4154 haalgkc
11232 -5580 -9060 9192 -14664 14700 -13320 3756 8052 7716 696 -120 f
-48048 -3696 27544 6028 41052 39424 -33924 6116 19140 -49412 -59708 -35992 f
-83272 47152 67312 -17808 -71624 -7672 6888 -47208 -74088 -64456 33936 -18144 haalgkc
55842 43788 -9799 -246 -41574 -25707 -47273 -16933 -36039 23616 -14842 61131 f
99372 7644 -56966 -12467 -84903 -81536 70161 -12649 -39585 102193 123487 74438 f
-27125 -4309 33728 -25451 -16988 10075 -35557 22134 43710 -25389 -4619 13082 f
67536 56414 -41741 -97753 -14472 -7772 -82142 52193 56079 -8978 9916 -5561 p
-3192 45448 684 92416 64828 -27968 94012 -55632 43548 -10032 -97736 11324 p
-1554 22126 333 44992 31561 -13616 45769 -27084 21201 -4884 -47582 5513 f
45141 61254 -32431 52972 28290 -40303 14514 -53341 18204 12341 -25912 23985 p
59000 -135000 -72700 34900 79800 76600 -73500 54700 113700 -87500 134000 -93800 p
16042 18486 -7852 12922 -1599 -13715 -16900 10751 -10608 14222 -15600 832 p
-39480 3930 -19530 43650 -35940 39870 4140 -20010 -11400 -10050 -39750 -11880 haalgkc
-85456 31948 59682 99470 110544 135240 118286 10584 108584 22050 -34790 100646 f
-58218 -74586 -33108 -88257 45477 -28830 118761 -90117 89094 -62217 137361 -7347 f
6620 -985 -6835 -7015 -425 -300 -6435 -4770 -480 -3765 2230 2960 haalgkc
-89892 -70488 15774 396 66924 41382 76098 27258 58014 -38016 23892 -98406 p
28400 25320 -8840 43840 -57800 4880 -25560 54040 -57800 -19720 -54080 15440 haalgkc
-17918 -47056 33490 27064 -2856 2312 -21998 48348 25194 -7616 -31960 45526 f
47200 -108000 -58160 27920 63840 61280 -58800 43760 90960 -70000 107200 -75040 haalgkc
15249 -11152 5185 -21233 13889 -4556 4437 -24072 17306 -2975 -9690 -17816 p
55037 -65048 25709 -55272 15181 -26226 47705 -5546 -58186 -66223 34874 30174 f
-111245 131480 -51965 111720 -30685 53010 -96425 11210 117610 133855 -70490 -60990 haalgkc
58635 -20700 -62415 17910 -65745 63945 8325 -57960 15705 -25560 49680 44145 p
37760 -86400 -46528 22336 51072 49024 -47040 35008 72768 -56000 85760 -60032 f
-5490 4320 -83970 24030 48330 -52650 17550 123120 130950 -113400 43020 45450 p
101706 -88872 -73692 2622 24909 63480 -86043 -43815 -44367 93495 91977 5589 p
28934 -23851 -17204 -34339 -5612 -31993 13386 16353 -26082 30889 -8004 -18607 f
-7000 -1112 8704 -6568 -4384 2600 -9176 5712 11280 -6552 -1192 3376 p
128968 -12838 63798 -142590 117404 -130242 -13524 65366 37240 32830 129850 38808 haalgkc
9648 -24000 23856 6768 13888 12288 15936 10880 21536 6576 21632 2144 f
55347 77577 -7296 -85044 -83277 45771 -25935 60078 -3363 -11913 52896 34314 haalgkc
-2446 -984 -2582 1582 1936 -2256 -2790 -2188 -2182 -996 1286 -2288 p
1050 46536 19740 37170 -6930 -62580 54264 61320 51156 -29232 -58758 33978 haalgkc
-13702 -35984 25610 20696 -2184 1768 -16822 36972 19266 -5824 -24440 34814 f
4488 -36630 81576 75306 -80916 -2640 11088 68310 -72732 74382 76098 -58410 haalgkc
-66150 45080 -84966 15680 -49882 122206 -55370 -104370 100254 -26558 92610 38024 haalgkc
-6069 75735 -50133 69105 33813 22287 55131 69666 -39066 -30498 -19584 41514 haalgkc
-43903 -29197 -47386 -53578 34013 -3698 33153 -35131 16813 -31992 -40162 -39474 f
-53210 -68170 -30260 -80665 41565 -26350 108545 -82365 81430 -56865 125545 -6715 p
-81444 -93852 39864 -65604 8118 69630 85800 -54582 53856 -72204 79200 -4224 haalgkc
36890 96880 -68950 -55720 5880 -4760 45290 -99540 -51870 15680 65800 -93730 f
10754 2888 -20330 5605 171 18354 -27075 24301 18924 -9044 -17518 -17252 f
