24
150
-4587 -1518 13365 8316 13497 -2508 10131 9372 -9405 2706 6369 14949 15972 6996 -15081 660 3300 13893 -9570 7656 -2970 2178 9372 -14817 ki
5576 7191 -2074 7140 -102 -7803 5899 -5066 -1088 -7973 5474 2584 3570 -8313 153 -3298 -4063 3026 4981 -4964 -4029 7565 7905 6528 byay
-2448 -13140 5796 10152 -13392 -14148 -12528 -15156 1800 11628 -4716 15660 -11268 -13032 3672 -9324 -11520 12384 2772 9720 -8676 6876 -2160 -4860 ki
-8920 6800 -5800 -3840 -6820 -2040 2220 -520 9320 -6920 5360 -1820 3820 1840 -3380 8280 -7320 1080 -6880 260 5820 -9880 1900 -9520 ki
-15456 4032 -8400 -10896 12576 22512 -7104 7440 -7200 19776 -4320 21744 -15984 -13728 -17376 -9120 22800 -14640 16992 16896 11760 -15552 -19056 10320 ki
15392 -9504 8640 14752 3744 -8320 12032 -10240 -3584 -10496 12544 12096 -6432 -6528 8544 5248 11488 -6592 3136 -32 -11360 3200 -13216 -6240 byay
15686 2294 30938 -19530 -16678 -4216 19158 25420 20150 30256 -12648 -22878 -10044 2542 11222 -23250 -19406 27714 -13950 -13702 5828 -17484 26102 6510 ki
-10626 -12054 13482 -16044 5250 -6300 -20244 4116 -14028 4704 -9408 -2982 3360 -630 20664 15666 672 19698 18312 12642 18186 14868 12726 -3234 byay
-5859 -30303 20664 29988 8190 -29988 -10647 -3654 4662 -26712 23751 27405 -126 18396 -20727 11970 -29169 -21294 -14742 -6489 25074 5040 12726 -6237 byay
-19008 -2508 2816 -17908 19360 -308 10032 -13288 11880 19096 21032 4532 -6732 -10164 -14212 21780 -19272 3696 -1628 1628 9328 14036 -6952 -8316 byay
-43456 23280 43262 18818 -25317 -41322 24153 19109 -44232 42195 -6014 -37539 -12610 -45978 -4074 37636 -36084 -17169 -31331 3201 -19303 30749 7760 -4850 ki
696 -3704 128 -40 2328 3520 -1792 2216 792 2048 -1752 -3496 3720 3592 -640 2400 1688 2696 -1472 2096 -1288 1672 1096 1232 ki
-18655 19516 -5371 17015 -369 -10660 -17876 15867 -12546 15826 14678 6683 19516 -10045 5453 5494 20090 -14801 -5289 -5781 10086 -13325 -14965 11152 byay
-32923 20805 26280 -2190 10512 3942 35478 -18615 3723 -22703 1387 17520 -5110 -25258 -30076 25039 -438 19418 -2555 11242 -29930 17958 -23871 2847 byay
-2051 574 1750 -2387 2212 -2548 1463 -658 3220 105 -3122 980 -1785 2457 2688 -3297 -2611 3150 1561 -434 -49 1393 14 -2975 ki
1239 -4305 -840 -9030 -105 10164 10269 3129 -1449 1386 -6657 -4662 1050 -2919 -2835 4074 -1764 10038 2499 -6972 3696 -756 -6741 -9219 byay
-224 896 3318 -5390 -1610 1638 -5740 -3010 -5194 -1428 -1176 4116 5292 -5390 5810 -2912 -4634 1400 -1764 4214 4144 -2968 -5026 6020 byay
13858 13571 3321 41 -13489 1312 -6806 779 -15703 -10742 19557 5494 10660 -18983 -5740 15744 18573 -2829 12874 -6437 6191 8651 -8733 4674 ki
-26077 7298 22250 -30349 28124 -32396 18601 -8366 40940 1335 -39694 12460 -22695 31239 34176 -41919 -33197 40050 19847 -5518 -623 17711 178 -37825 byay
-32706 948 7821 21488 32390 -28045 -7347 34523 -31995 30573 -31758 1738 31600 -38789 -21725 -4345 18486 3476 -39500 -32153 -20224 22278 -31521 316 byay
13113 -23453 -8037 -2303 -3807 4841 -5546 7755 -14570 -12972 16356 -8225 4136 9635 -4794 18800 9870 17108 17766 20492 -47 21385 20492 17531 byay
4307 -14965 -2920 -31390 -365 35332 35697 10877 -5037 4818 -23141 -16206 3650 -10147 -9855 14162 -6132 34894 8687 -24236 12848 -2628 -23433 -32047 byay
-2795 -364 4433 4277 -1339 -5356 4719 4082 689 -2847 3783 2028 2821 -6162 4407 -637 -4901 6487 -3185 4862 6175 4420 3341 5980 ki
-11439 20459 7011 2009 3321 -4223 4838 -6765 12710 11316 -14268 7175 -3608 -8405 4182 -16400 -8610 -14924 -15498 -17876 41 -18655 -17876 -15293 ki
1 248 456 238 -111 116 -275 -77 -300 250 134 -248 -93 78 43 -114 -242 -27 296 -200 -267 98 484 -103 ki
-13734 -4326 -10290 19698 4746 1722 -13146 14826 14070 -2730 1134 13272 -2646 -1722 7350 16674 4116 7980 4200 9744 -18396 -3780 14574 19572 byay
-15228 -24462 -7371 -31347 -28269 29889 16605 -37584 38151 -4374 39042 -28674 26730 -4131 -9720 -32319 12150 24543 39690 -31752 -7128 15390 13932 3645 byay
7848 12384 5112 -27576 -27288 22392 2376 864 22824 7128 -14112 -11232 -12960 10800 34992 -13104 31032 16416 -24408 9576 35712 35712 -32400 -648 byay
19780 8256 13631 -20597 11782 -7568 1204 9847 9417 14104 -4386 7826 17243 17759 13459 12599 20038 -1419 12814 7267 8858 9890 -20210 8772 byay
-2814 558 396 -462 -2052 -78 -1824 -2496 606 2676 2268 -1884 2964 870 -2214 1278 -906 -660 -2472 2304 -1794 -2004 -1140 -1878 byay
1290 41022 28036 39216 13502 -39646 -3440 41624 -8600 38012 -1634 39646 36206 -4214 -41022 25370 24854 11954 -6536 -23478 -3268 36378 -3354 -20554 ki
-2669 4097 714 -8211 3893 -7786 8194 3672 -1819 476 5151 1224 -1955 -4080 3757 7497 595 6868 -2465 7990 -680 2890 2856 3791 byay
4876 -6141 2208 5934 7314 -9476 -621 805 7383 -4278 10143 -2346 6003 2714 -2438 -3059 -3243 966 9660 5497 7475 299 2254 -6739 ki
38808 37488 -16104 -31680 -16456 -26048 32824 18304 -43648 -3432 7920 43912 -1144 -25256 40040 8272 -27808 -43912 -23408 32296 -30272 -23496 26312 -32032 byay
8424 4014 -6660 2232 -6426 7794 2484 6660 3888 270 1998 -2646 4050 3438 -3582 -1944 -2394 5526 -2646 -8928 -7128 -5220 -5976 -414 byay
17797 -10989 9990 17057 4329 -9620 13912 -11840 -4144 -12136 14504 13986 -7437 -7548 9879 6068 13283 -7622 3626 -37 -13135 3700 -15281 -7215 byay
-8512 -6272 3780 -12628 -4368 2464 -3360 12768 -7700 700 -6944 12964 -13328 -12516 7980 3472 8316 -2296 -7056 -7756 -5656 11452 -980 5656 byay
4071 -14145 -2760 -29670 -345 33396 33741 10281 -4761 4554 -21873 -15318 3450 -9591 -9315 13386 -5796 32982 8211 -22908 12144 -2484 -22149 -30291 ki
-390 -3040 -4930 3380 1080 -2840 -490 -1970 4090 -4900 4980 2340 -530 -4350 -4580 -460 -2070 4330 810 -400 1420 -2140 3030 2950 ki
5576 29930 -13202 -23124 30504 32226 28536 34522 -4100 -26486 10742 -35670 25666 29684 -8364 21238 26240 -28208 -6314 -22140 19762 -15662 4920 11070 byay
848 0 3008 -2992 -4976 -3504 -6912 2800 -1312 -6016 -6480 -4272 4288 3616 -4784 4688 -2880 5152 5808 -1840 2640 -976 528 7744 byay
3422 -11890 -2320 -24940 -290 28072 28362 8642 -4002 3828 -18386 -12876 2900 -8062 -7830 11252 -4872 27724 6902 -19256 10208 -2088 -18618 -25462 byay
-15873 9801 -8910 -15213 -3861 8580 -12408 10560 3696 10824 -12936 -12474 6633 6732 -8811 -5412 -11847 6798 -3234 33 11715 -3300 13629 6435 ki
5546 15812 18703 20473 -13570 24662 -25252 -16815 19234 -11446 -25488 10738 23718 -13275 1416 -27730 -3599 -5369 24662 10266 3776 -13452 -23128 -22833 byay
-6325 -925 -12475 7875 6725 1700 -7725 -10250 -8125 -12200 5100 9225 4050 -1025 -4525 9375 7825 -11175 5625 5525 -2350 7050 -10525 -2625 byay
-29043 20979 -4536 -20034 5355 29421 18333 -2457 -126 4032 -9954 -11970 15183 23940 -26082 12537 -3465 -29232 -10647 22617 -22617 22365 8316 11088 byay
-6232 -8037 2318 -7980 114 8721 -6593 5662 1216 8911 -6118 -2888 -3990 9291 -171 3686 4541 -3382 -5567 5548 4503 -8455 -8835 -7296 byay
-23660 -23170 -5670 -70 23030 -2240 11620 -1330 26810 18340 -33390 -9380 -18200 32410 9800 -26880 -31710 4830 -21980 10990 -10570 -14770 14910 -7980 byay
-1458 -2706 1848 2136 1350 576 -1542 -2970 -2322 -1146 -1626 1296 2598 648 2682 714 1296 954 1938 -666 2322 1272 1434 2718 ki
-8648 -11960 3864 -40204 -39008 -31832 -23000 12328 -44252 34868 30820 5980 29164 -35696 11316 33120 -41216 21712 36064 -38916 38640 -20332 14168 -39560 ki
9230 4420 5200 8775 4355 -28600 10660 28470 -5395 -5720 -28535 17745 21320 12935 -14495 -20150 21710 21710 -20605 -1820 -20800 -9750 11310 -8190 byay
24426 -708 -5841 -16048 -24190 20945 5487 -25783 23895 -22833 23718 -1298 -23600 28969 16225 3245 -13806 -2596 29500 24013 15104 -16638 23541 -236 byay
23147 -6478 -19750 26939 -24964 28756 -16511 7426 -36340 -1185 35234 -11060 20145 -27729 -30336 37209 29467 -35550 -17617 4898 553 -15721 -158 33575 byay
-2344 656 2000 -2728 2528 -2912 1672 -752 3680 120 -3568 1120 -2040 2808 3072 -3768 -2984 3600 1784 -496 -56 1592 16 -3400 ki
10388 -13083 4704 12642 15582 -20188 -1323 1715 15729 -9114 21609 -4998 12789 5782 -5194 -6517 -6909 2058 20580 11711 15925 637 4802 -14357 ki
12650 1850 24950 -15750 -13450 -3400 15450 20500 16250 24400 -10200 -18450 -8100 2050 9050 -18750 -15650 22350 -11250 -11050 4700 -14100 21050 5250 byay
18445 18105 -3230 21845 -5440 18615 35190 -33405 -6885 -15470 -31620 -21505 6630 -20485 -2975 -18275 35020 26690 -2720 28900 -6885 26520 4930 -10200 ki
-2720 -14600 6440 11280 -14880 -15720 -13920 -16840 2000 12920 -5240 17400 -12520 -14480 4080 -10360 -12800 13760 3080 10800 -9640 7640 -2400 -5400 ki
-6960 37040 -1280 400 -23280 -35200 17920 -22160 -7920 -20480 17520 34960 -37200 -35920 6400 -24000 -16880 -26960 14720 -20960 12880 -16720 -10960 -12320 ki
17298 -30938 -10602 -3038 -5022 6386 -7316 10230 -19220 -17112 21576 -10850 5456 12710 -6324 24800 13020 22568 23436 27032 -62 28210 27032 23126 byay
11315 -1168 -29565 5621 -9052 11169 -21535 18323 -12556 -31317 -25915 -24163 21608 -34383 30514 28105 34602 36500 15403 31755 -32047 511 34237 31682 byay
-20169 -37433 25564 29548 18675 7968 -21331 -41085 -32121 -15853 -22493 17928 35939 8964 37101 9877 17928 13197 26809 -9213 32121 17596 19837 37599 byay
-7452 -5580 2826 7596 6246 -5688 -396 162 -5742 -2214 3492 1818 -7398 -864 -900 -4590 6516 -7020 -8352 6300 -8154 7974 -7974 -648 byay
0 0 0 0 0 0 0 0 0 0 0 0 0 0 0 0 0 0 0 0 0 0 0 0 ki
-27900 49900 17100 4900 8100 -10300 11800 -16500 31000 27600 -34800 17500 -8800 -20500 10200 -40000 -21000 -36400 -37800 -43600 100 -45500 -43600 -37300 ki
20746 3034 40918 -25830 -22058 -5576 25338 33620 26650 40016 -16728 -30258 -13284 3362 14842 -30750 -25666 36654 -18450 -18122 7708 -23124 34522 8610 ki
10752 -22400 -5600 -24920 25536 -168 -280 -12320 -11760 784 15848 -26600 -24696 -9800 15624 -3696 15344 280 18536 -14000 21896 -11984 10640 -22792 ki
-16112 -11872 7155 -23903 -8268 4664 -6360 24168 -14575 1325 -13144 24539 -25228 -23691 15105 6572 15741 -4346 -13356 -14681 -10706 21677 -1855 10706 ki
-15744 32800 8200 36490 -37392 246 410 18040 17220 -1148 -23206 38950 36162 14350 -22878 5412 -22468 -410 -27142 20500 -32062 17548 -15580 33374 ki
-1404 -10944 -17748 12168 3888 -10224 -1764 -7092 14724 -17640 17928 8424 -1908 -15660 -16488 -1656 -7452 15588 2916 -1440 5112 -7704 10908 10620 byay
-6453 7398 -12690 -9099 12042 -10557 1080 -4644 9153 -12339 11448 11448 -8883 7722 -1431 -1215 -13176 10341 6642 1971 5724 2295 -10962 -7101 byay
23183 -26578 45590 32689 -43262 37927 -3880 16684 -32883 44329 -41128 -41128 31913 -27742 5141 4365 47336 -37151 -23862 -7081 -20564 -8245 39382 25511 ki
9592 19184 27456 -8096 -4224 20152 35904 -21824 10560 -23584 -13992 16896 -11792 -21736 19800 -41976 6512 22176 -42856 -14696 -5104 6160 -35024 -37312 ki
35680 26560 16640 -36480 -31440 37280 1440 -17920 32480 -35120 -26560 -15920 6320 30400 23200 -30560 -17920 14960 160 22720 21280 -28560 -15760 12640 ki
3835 -13325 -2600 -27950 -325 31460 31785 9685 -4485 4290 -20605 -14430 3250 -9035 -8775 12610 -5460 31070 7735 -21580 11440 -2340 -20865 -28535 byay
430 56 -682 -658 206 824 -726 -628 -106 438 -582 -312 -434 948 -678 98 754 -998 490 -748 -950 -680 -514 -920 ki
-2800 -42400 5900 5700 -30500 -14900 -30600 4600 18300 -14800 16100 -24100 35300 8600 -48100 -10700 -13600 -42200 9900 -39200 -15200 -28100 15200 17600 ki
3423 -4893 -9534 6342 -9366 5250 6678 -5061 -5586 -546 525 6531 -7350 7119 -7371 -7119 -1869 -8526 5460 882 6006 -3108 -5985 -4053 byay
-1744 -3488 -4992 1472 768 -3664 -6528 3968 -1920 4288 2544 -3072 2144 3952 -3600 7632 -1184 -4032 7792 2672 928 -1120 6368 6784 byay
2289 4578 6552 -1932 -1008 4809 8568 -5208 2520 -5628 -3339 4032 -2814 -5187 4725 -10017 1554 5292 -10227 -3507 -1218 1470 -8358 -8904 byay
-12070 -5780 -6800 -11475 -5695 37400 -13940 -37230 7055 7480 37315 -23205 -27880 -16915 18955 26350 -28390 -28390 26945 2380 27200 12750 -14790 10710 ki
9936 3312 5589 6900 8901 -11454 -5796 26772 -34431 -30153 16767 -29187 -22632 -6693 10764 4692 -28980 -14766 31809 -6003 -23460 1311 -6693 13938 ki
36200 -5400 43400 36400 -2400 48700 11800 -33600 -44500 -40500 -12100 -47800 40000 31400 22500 -50000 -39000 34900 -22400 -38900 -18900 -6900 -32600 100 byay
1728 4512 16608 -18480 -21456 -384 -18576 -12432 15120 7152 -11616 -3840 17280 -6720 -21408 4752 -15120 -3456 -18528 -22800 -21120 -6816 21264 10800 ki
-14872 -25344 792 -41800 -29744 6160 41712 34320 6864 8448 -27808 -30624 -26488 11352 -12760 -18040 23672 30536 14520 176 17776 31416 -6864 39688 ki
2970 2997 4338 -1593 -225 -3042 360 3501 -63 171 -3159 -4356 -1971 -828 -2394 2763 1980 -2502 3906 162 -1386 -3627 2844 2808 ki
-5184 10800 2700 12015 -12312 81 135 5940 5670 -378 -7641 12825 11907 4725 -7533 1782 -7398 -135 -8937 6750 -10557 5778 -5130 10989 byay
660 -426 -818 -942 -704 790 844 446 -362 358 114 842 -338 630 -368 120 562 -676 728 -528 -778 222 -322 -596 ki
-34040 -14208 -23458 35446 -20276 13024 -2072 -16946 -16206 -24272 7548 -13468 -29674 -30562 -23162 -21682 -34484 2442 -22052 -12506 -15244 -17020 34780 -15096 ki
24552 -43912 -15048 -4312 -7128 9064 -10384 14520 -27280 -24288 30624 -15400 7744 18040 -8976 35200 18480 32032 33264 38368 -88 40040 38368 32824 ki
5074 -17630 -3440 -36980 -430 41624 42054 12814 -5934 5676 -27262 -19092 4300 -11954 -11610 16684 -7224 41108 10234 -28552 15136 -3096 -27606 -37754 byay
2448 6392 23528 -26180 -30396 -544 -26316 -17612 21420 10132 -16456 -5440 24480 -9520 -30328 6732 -21420 -4896 -26248 -32300 -29920 -9656 30124 15300 ki
-1308 -2616 -3744 1104 576 -2748 -4896 2976 -1440 3216 1908 -2304 1608 2964 -2700 5724 -888 -3024 5844 2004 696 -840 4776 5088 byay
-7533 13473 4617 1323 2187 -2781 3186 -4455 8370 7452 -9396 4725 -2376 -5535 2754 -10800 -5670 -9828 -10206 -11772 27 -12285 -11772 -10071 ki
3844 -23250 15500 -310 -30070 15190 20088 18724 -1674 -28024 28148 5580 15190 27218 -20832 23188 20584 -930 12772 -22568 3906 -8494 8742 -2728 byay
4664 0 16544 -16456 -27368 -19272 -38016 15400 -7216 -33088 -35640 -23496 23584 19888 -26312 25784 -15840 28336 31944 -10120 14520 -5368 2904 42592 ki
-22984 -22508 -5508 -68 22372 -2176 11288 -1292 26044 17816 -32436 -9112 -17680 31484 9520 -26112 -30804 4692 -21352 10676 -10268 -14348 14484 -7752 ki
-3542 -518 -6986 4410 3766 952 -4326 -5740 -4550 -6832 2856 5166 2268 -574 -2534 5250 4382 -6258 3150 3094 -1316 3948 -5894 -1470 byay
-6322 -12644 -18096 5336 2784 -13282 -23664 14384 -6960 15544 9222 -11136 7772 14326 -13050 27666 -4292 -14616 28246 9686 3364 -4060 23084 24592 ki
-18360 -21180 10260 17940 12540 -17940 26820 -22320 -22080 -13980 -14100 -4560 14040 26460 25500 -780 18060 28860 22620 -2460 -24060 -22380 -13320 12540 byay
9128 -13048 -25424 16912 -24976 14000 17808 -13496 -14896 -1456 1400 17416 -19600 18984 -19656 -18984 -4984 -22736 14560 2352 16016 -8288 -15960 -10808 byay
-45885 -14820 -27360 -19380 -10545 23560 9595 -23940 -11685 -20995 -14345 -21375 -42370 -14250 -25935 28120 -37335 -2185 12730 -30970 43985 20995 -46645 27455 byay
-608 -448 270 -902 -312 176 -240 912 -550 50 -496 926 -952 -894 570 248 594 -164 -504 -554 -404 818 -70 404 ki
22770 -14697 -28221 -32499 -24288 27255 29118 15387 -12489 12351 3933 29049 -11661 21735 -12696 4140 19389 -23322 25116 -18216 -26841 7659 -11109 -20562 byay
2277 333 4491 -2835 -2421 -612 2781 3690 2925 4392 -1836 -3321 -1458 369 1629 -3375 -2817 4023 -2025 -1989 846 -2538 3789 945 ki
-12528 -1653 1856 -11803 12760 -203 6612 -8758 7830 12586 13862 2987 -4437 -6699 -9367 14355 -12702 2436 -1073 1073 6148 9251 -4582 -5481 byay
-9922 6270 7920 -660 3168 1188 10692 -5610 1122 -6842 418 5280 -1540 -7612 -9064 7546 -132 5852 -770 3388 -9020 5412 -7194 858 byay
-1380 -43884 -29992 -41952 -14444 42412 3680 -44528 9200 -40664 1748 -42412 -38732 4508 43884 -27140 -26588 -12788 6992 25116 3496 -38916 3588 21988 byay
-10350 -7750 3925 10550 8675 -7900 -550 225 -7975 -3075 4850 2525 -10275 -1200 -1250 -6375 9050 -9750 -11600 8750 -11325 11075 -11075 -900 byay
30550 -25756 23688 32054 11562 -40044 19646 38540 -34310 19740 19458 -20774 1034 282 1786 28106 45496 -22842 -1410 23594 2162 43522 -42958 -11844 ki
295 -1025 -200 -2150 -25 2420 2445 745 -345 330 -1585 -1110 250 -695 -675 970 -420 2390 595 -1660 880 -180 -1605 -2195 ki
-3706 -7412 -10608 3128 1632 -7786 -13872 8432 -4080 9112 5406 -6528 4556 8398 -7650 16218 -2516 -8568 16558 5678 1972 -2380 13532 14416 ki
2725 5450 7800 -2300 -1200 5725 10200 -6200 3000 -6700 -3975 4800 -3350 -6175 5625 -11925 1850 6300 -12175 -4175 -1450 1750 -9950 -10600 ki
-10659 20691 -13281 26391 25251 -2166 25935 -16701 3819 16929 18126 -15333 17043 10545 -19038 -16017 -22401 -11001 18126 12768 -16644 27303 1026 -25878 byay
-2006 -4828 -5253 -952 -3349 1751 5848 -7327 1224 8364 -6392 8347 7208 -5899 -442 4879 -493 -4522 7531 -2482 5661 -782 -1292 -6341 ki
1908 -2403 864 2322 2862 -3708 -243 315 2889 -1674 3969 -918 2349 1062 -954 -1197 -1269 378 3780 2151 2925 117 882 -2637 ki
-9963 -7587 -9234 -6912 -12177 7344 -7371 -675 6615 -8046 5832 -2349 1998 11070 -567 -5562 9936 11583 -7155 -8937 -11448 -2457 108 10908 byay
1141 -1631 -3178 2114 -3122 1750 2226 -1687 -1862 -182 175 2177 -2450 2373 -2457 -2373 -623 -2842 1820 294 2002 -1036 -1995 -1351 byay
1932 -504 1050 1362 -1572 -2814 888 -930 900 -2472 540 -2718 1998 1716 2172 1140 -2850 1830 -2124 -2112 -1470 1944 2382 -1290 ki
4374 8118 -5544 -6408 -4050 -1728 4626 8910 6966 3438 4878 -3888 -7794 -1944 -8046 -2142 -3888 -2862 -5814 1998 -6966 -3816 -4302 -8154 ki
1674 -2994 -1026 -294 -486 618 -708 990 -1860 -1656 2088 -1050 528 1230 -612 2400 1260 2184 2268 2616 -6 2730 2616 2238 ki
-5495 8435 1470 -16905 8015 -16030 16870 7560 -3745 980 10605 2520 -4025 -8400 7735 15435 1225 14140 -5075 16450 -1400 5950 5880 7805 byay
13317 -6900 -21804 21183 -26841 29049 25668 2346 -17733 -1104 14283 -33258 -19389 18975 7728 19596 1587 -6072 9177 17733 3933 16560 -30084 -1380 ki
3040 2240 -1350 4510 1560 -880 1200 -4560 2750 -250 2480 -4630 4760 4470 -2850 -1240 -2970 820 2520 2770 2020 -4090 350 -2020 byay
-2548 -38584 5369 5187 -27755 -13559 -27846 4186 16653 -13468 14651 -21931 32123 7826 -43771 -9737 -12376 -38402 9009 -35672 -13832 -25571 13832 16016 ki
272 1460 -644 -1128 1488 1572 1392 1684 -200 -1292 524 -1740 1252 1448 -408 1036 1280 -1376 -308 -1080 964 -764 240 540 ki
3102 8844 10461 11451 -7590 13794 -14124 -9405 10758 -6402 -14256 6006 13266 -7425 792 -15510 -2013 -3003 13794 5742 2112 -7524 -12936 -12771 ki
885 -3075 -600 -6450 -75 7260 7335 2235 -1035 990 -4755 -3330 750 -2085 -2025 2910 -1260 7170 1785 -4980 2640 -540 -4815 -6585 ki
994 -36 -138 -830 214 -516 -370 -834 790 446 -434 206 34 66 -696 48 -66 -346 124 -266 808 -924 -160 -214 ki
-33210 15633 -8424 -36612 25434 14256 -33858 16929 -11664 -17334 -19602 6561 -7695 -18711 -28188 -13122 30051 -12393 10125 4374 23247 -27702 13932 -9153 ki
18200 -15344 14112 19096 6888 -23856 11704 22960 -20440 11760 11592 -12376 616 168 1064 16744 27104 -13608 -840 14056 1288 25928 -25592 -7056 ki
3933 -5814 -8778 4465 5377 -6441 -6992 4636 7486 -5966 -7372 7429 -6498 -8721 -9215 -7923 -6878 -5985 -9348 -4769 -8398 9462 -6023 -9139 ki
2070 -60 -495 -1360 -2050 1775 465 -2185 2025 -1935 2010 -110 -2000 2455 1375 275 -1170 -220 2500 2035 1280 -1410 1995 -20 ki
-12508 15753 -5664 -15222 -18762 24308 1593 -2065 -18939 10974 -26019 6018 -15399 -6962 6254 7847 8319 -2478 -24780 -14101 -19175 -767 -5782 17287 ki
11130 15855 -7910 -6020 -455 -3920 -10045 13580 -6615 210 3500 10640 1400 -9975 15505 -2030 13335 -4795 12915 1750 11200 15645 14665 -17290 byay
1352 1324 324 4 -1316 128 -664 76 -1532 -1048 1908 536 1040 -1852 -560 1536 1812 -276 1256 -628 604 844 -852 456 ki
3640 -14224 15176 -26656 18032 14448 -26712 5096 20776 -4760 11984 -23016 -2968 -27216 14056 7672 112 -6944 -2912 -2520 -14896 8624 27552 -20440 ki
-1290 -168 2046 1974 -618 -2472 2178 1884 318 -1314 1746 936 1302 -2844 2034 -294 -2262 2994 -1470 2244 2850 2040 1542 2760 ki
4961 -3135 -3960 330 -1584 -594 -5346 2805 -561 3421 -209 -2640 770 3806 4532 -3773 66 -2926 385 -1694 4510 -2706 3597 -429 ki
-8272 6710 -44 -2662 6644 -5148 -396 -3520 1056 1892 -8536 8140 -5918 -10956 5324 7656 -10120 -5038 10032 3014 1386 -176 -8778 -1188 byay
864 2256 8304 -9240 -10728 -192 -9288 -6216 7560 3576 -5808 -1920 8640 -3360 -10704 2376 -7560 -1728 -9264 -11400 -10560 -3408 10632 5400 ki
-21222 38232 31914 -32157 -29241 -33372 -33210 39123 11259 29079 972 -34101 -37584 -5184 -8829 6399 1620 38070 39528 -28674 -35397 -15390 -2592 -4455 ki
26426 -3942 31682 26572 -1752 35551 8614 -24528 -32485 -29565 -8833 -34894 29200 22922 16425 -36500 -28470 25477 -16352 -28397 -13797 -5037 -23798 73 byay
11200 -6000 -11150 -4850 6525 10650 -6225 -4925 11400 -10875 1550 9675 3250 11850 1050 -9700 9300 4425 8075 -825 4975 -7925 -2000 1250 ki
-1239 4305 840 9030 105 -10164 -10269 -3129 1449 -1386 6657 4662 -1050 2919 2835 -4074 1764 -10038 -2499 6972 -3696 756 6741 9219 byay
-20286 588 4851 13328 20090 -17395 -4557 21413 -19845 18963 -19698 1078 19600 -24059 -13475 -2695 11466 2156 -24500 -19943 -12544 13818 -19551 196 byay
-6840 8280 27000 -15300 7200 44010 -22860 2970 -9090 -19800 -43830 41940 -27540 -34560 10710 23040 13860 37350 -4590 25020 -15480 -43290 5940 -21600 byay
7776 14432 -9856 -11392 -7200 -3072 8224 15840 12384 6112 8672 -6912 -13856 -3456 -14304 -3808 -6912 -5088 -10336 3552 -12384 -6784 -7648 -14496 byay
39360 -18528 9984 43392 -30144 -16896 40128 -20064 13824 20544 23232 -7776 9120 22176 33408 15552 -35616 14688 -12000 -5184 -27552 32832 -16512 10848 ki
15939 2331 31437 -19845 -16947 -4284 19467 25830 20475 30744 -12852 -23247 -10206 2583 11403 -23625 -19719 28161 -14175 -13923 5922 -17766 26523 6615 ki
