504
1
3
4
5
6
9
12
15
17
18
19
20
21
23
25
26
29
31
33
37
38
40
43
48
49
52
54
58
61
62
64
65
67
68
70
72
73
74
75
82
83
84
85
86
87
88
89
90
91
92
94
95
96
98
99
100
105
107
110
112
114
115
116
117
118
120
121
122
123
127
129
132
134
137
138
139
142
146
147
148
153
154
155
156
157
161
163
166
167
170
172
175
179
181
182
183
184
185
186
187
188
190
192
194
198
203
204
205
206
207
209
212
215
216
218
220
221
225
226
227
229
235
236
237
239
240
241
245
249
250
251
252
254
257
258
259
260
262
263
264
265
268
270
273
275
277
279
281
283
285
286
287
288
289
295
298
300
301
305
309
310
312
314
318
320
321
328
329
334
336
337
339
342
344
347
348
349
352
353
354
357
361
362
363
364
366
367
368
369
372
373
374
375
378
382
383
385
386
387
388
389
391
392
395
396
400
401
403
410
411
412
413
416
417
418
422
423
424
425
426
427
428
429
430
431
432
434
436
437
438
439
441
442
443
446
447
448
449
450
452
454
461
464
465
469
475
476
477
478
479
480
481
484
486
489
491
492
495
500
502
506
507
508
511
512
513
516
519
521
522
527
528
533
534
535
538
540
541
545
546
547
549
550
552
553
554
556
560
562
565
569
572
574
576
577
578
581
586
589
592
593
597
600
601
603
604
611
612
619
620
623
628
631
632
634
636
637
638
639
645
647
648
649
652
657
659
663
664
665
667
668
669
670
671
673
675
680
681
682
685
687
688
690
691
692
694
697
698
701
703
704
707
709
710
711
712
714
715
717
718
721
722
723
724
725
728
729
731
735
738
739
740
742
745
746
748
749
751
752
753
754
755
756
757
758
759
763
765
768
769
771
772
776
777
778
779
783
784
787
788
789
790
792
793
795
800
801
804
805
807
808
809
811
814
816
817
819
820
822
827
828
832
837
838
839
840
842
843
846
847
848
855
856
857
858
865
866
867
874
877
878
879
888
891
893
897
898
899
900
902
904
905
909
910
912
913
920
921
922
925
926
927
928
930
935
936
938
939
940
942
944
945
946
948
949
950
951
953
955
956
959
960
961
962
963
964
966
968
970
971
972
973
975
982
983
984
986
987
988
990
993
995
996
997
