10
1000
55720 26096 -16184 13160 54208 30128 -43064 17752 17248 52696 vmtrrdfc
47880 -22176 -40887 -40635 -21042 22617 -39501 -38556 -45423 -11277 a
34825 -12635 19810 -34020 15190 33110 9170 17360 -11270 -9660 hjvcdqj
-500 -680 -2185 -895 2715 -2785 3590 3545 4595 -3810 tvdrkgta
-16820 -22272 -3509 28043 17922 22591 8410 -14587 9396 25578 hjvcdqj
11514 -8075 -16929 -17423 -13376 -5643 -16587 -13756 -15637 8246 w
-28616 42140 29400 93982 57526 96824 35574 86730 73794 47334 vmtrrdfc
36 -325 167 718 895 765 622 851 271 -331 w
-1040 5450 470 2180 2980 -620 -7370 2280 8150 -2640 hjvcdqj
-9765 34461 -13167 -57645 16947 -30114 -37674 -24129 40131 23121 vmtrrdfc
-80997 -29493 44805 43065 -3393 -47328 21489 -43587 -65598 51852 tvdrkgta
-6279 16548 15981 -10521 -1974 18627 -6321 -4242 -11697 3738 tvdrkgta
-585 5625 -6210 7395 6300 8565 10425 6870 -8610 13830 w
-4160 270 -4820 -2215 -1585 680 -1355 -1510 4910 -160 vmtrrdfc
-23646 -39354 36834 29106 -39648 -41244 84 14994 -30660 -36078 a
-51786 43686 -7344 -44712 20952 -17226 -51300 22788 -53028 31158 w
-57201 45747 18216 -56580 61962 14352 -38019 68172 -14076 46023 hjvcdqj
8256 -14878 8041 2838 17544 -3268 0 31562 37238 6579 hjvcdqj
-9844 2944 -25300 4462 -12742 5888 -13018 -29440 2898 -32844 hjvcdqj
-42484 37668 82044 -19350 27692 76368 -12642 -15308 36550 -33884 tvdrkgta
9324 -21164 60310 -59792 57128 15910 -68080 -48766 28712 -45362 tvdrkgta
12672 3696 21936 -9648 7104 -3840 3120 14664 -5448 -23280 w
53770 9500 -24320 -93575 39710 22800 -93480 -760 53295 75810 vmtrrdfc
-57603 80899 72345 90636 -82719 27300 21931 -34853 -1638 -55146 a
43428 -21021 58289 -67991 16786 -73227 -29337 28413 -16170 -24024 tvdrkgta
-7410 -16701 8018 -9823 12122 -4731 1919 -4921 -1900 18886 hjvcdqj
9660 10764 8556 12719 -9660 -9453 5359 19205 5497 4485 tvdrkgta
12446 -6027 -30870 27734 22736 -23520 34937 -7840 11025 45423 tvdrkgta
-30096 -18768 -13632 40800 13248 34032 32448 8688 -46128 -2256 a
18900 21060 16740 24885 -18900 -18495 10485 37575 10755 8775 w
-58604 -66640 24990 -25284 98000 -28224 56056 87514 -94374 40768 a
-143 -935 650 739 527 -454 435 792 -728 619 hjvcdqj
-750 -9950 -8110 -2290 2200 3290 -1450 2070 -5930 6820 tvdrkgta
3030 25410 -22320 -14160 -14760 29550 -24780 -8250 19680 26040 w
34542 -19304 -19342 76 19190 34048 4750 12768 -29678 23598 hjvcdqj
-40280 -13992 28408 -23161 -42453 35298 19610 50297 12402 6996 a
13020 4710 6060 -6960 9885 5265 -10170 3270 8565 6630 a
630 -6660 -3495 7890 13320 -6060 -8340 -1665 -525 14490 hjvcdqj
13692 -12726 -11508 20412 17409 12390 20034 -14658 17997 -609 w
-19885 -35055 -36203 11685 16851 25625 -5945 4059 -9471 20992 a
817 9234 -361 8835 -18734 15713 -16264 -1900 -12179 -9747 tvdrkgta
32016 -62814 73950 31929 69861 35409 84651 76560 42891 -5046 tvdrkgta
-47088 38736 -8544 12336 -11664 32832 30576 28416 -21168 -30720 w
7398 3240 -7263 -13851 7290 10314 -9963 6723 -10800 14040 a
30555 -21510 -22050 31680 -37440 39465 -31230 42030 315 -43380 tvdrkgta
49740 48900 26940 45420 -47760 -13860 25020 -29700 10680 -24720 vmtrrdfc
-19152 -19646 7790 5852 22306 11096 37658 -4104 8968 21850 hjvcdqj
56 27384 51016 10304 -40488 31976 -41832 -12320 -54376 -36680 a
1952 -6336 -12992 -11856 -14944 -8144 -15584 -4400 -12704 -5824 hjvcdqj
-44208 17136 47592 -14832 -27216 40032 -67608 50688 11304 13752 vmtrrdfc
11858 1666 -34300 91826 -22834 -65170 -84476 39592 -4508 38318 tvdrkgta
22258 -20491 -12524 -30659 -23095 20987 15469 -6355 6572 -28024 w
52338 -35508 -53856 8514 -6402 42768 -65142 -36234 -26202 -56298 a
47672 28674 56994 -5782 -28910 -52274 -37996 -53336 5428 -885 vmtrrdfc
4104 4016 7088 4440 -7584 1024 -928 3792 7248 -1920 tvdrkgta
3500 -15550 -15150 -11600 24375 6225 15225 23300 -23975 16150 w
-63000 -61050 -36675 -19800 41025 17925 -32625 51075 11475 47775 a
22704 -4136 1056 -33924 43032 -16104 5060 -41360 17820 34188 vmtrrdfc
-608 -347 -191 -202 915 11 -106 136 -666 -328 hjvcdqj
16478 72842 -21098 -8624 -56518 48587 -43428 53438 -9317 -52437 vmtrrdfc
4140 19550 -43286 -29854 -45862 19826 12650 43976 20332 44252 a
46647 -11289 -41961 -8520 -57297 -65675 49416 22436 37914 -57084 tvdrkgta
88830 72568 5546 -76610 23218 -42676 -92872 79900 -19646 79524 tvdrkgta
-8964 29797 -61254 -16019 -27971 -52871 80178 72127 51294 -51626 tvdrkgta
672 3328 -2672 -920 3252 2652 -1576 -664 -340 728 w
47415 -73341 -2958 22098 -53679 20706 -86652 -25056 35670 -70818 a
-4608 -3312 -33588 -8568 -22428 33120 -27720 -27936 35460 6624 w
36358 -45031 -38465 -42483 17885 25970 -45374 36015 -4116 -43365 hjvcdqj
-31772 12220 35767 -37600 37835 28999 -43240 -44932 -17860 -43193 w
9922 1394 -28700 76834 -19106 -54530 -70684 33128 -3772 32062 vmtrrdfc
17537 -40257 1065 -16969 12567 21584 59853 64823 33015 -31879 a
-23373 52101 48573 -11466 -16632 29169 -36792 -54117 -12537 27216 w
-48384 3520 24128 7296 43968 35456 -3840 -7424 54848 -2560 vmtrrdfc
-13987 3834 33867 -17253 -43239 57865 32660 -2059 -23998 46434 vmtrrdfc
-46746 39220 29839 21942 -3657 -954 52841 -15158 38796 -29415 hjvcdqj
34128 64800 58176 46224 3168 34704 59040 68760 -69624 -55296 w
8591 -25631 -67805 16259 -46079 18105 37062 -30104 30601 44801 vmtrrdfc
-55 -3335 3545 -2865 55 -4670 -1490 -170 -4325 -4345 w
-4070 -2310 3385 3615 -3630 -1970 -4475 -750 -3565 -3740 tvdrkgta
-52452 25389 -70401 82119 -20274 88443 35433 -34317 19530 29016 w
77926 -36002 81404 -25474 -22372 -65142 -16450 92402 71816 -35344 vmtrrdfc
6116 -220 9768 -4213 -9097 -6820 -6149 -3091 9702 -1100 vmtrrdfc
54825 25755 -84405 59585 -74970 20230 -57715 25330 -63750 -45645 tvdrkgta
-17487 638 -8149 10672 16646 8671 -14442 -2929 24360 20213 hjvcdqj
4005 40365 -35145 1260 24570 4725 6930 -3735 -13905 5985 a
24076 25948 4368 27820 -15964 39728 32552 -27768 -37440 49712 a
-975 1257 1176 2106 -1998 1200 -2169 -576 -2487 1989 vmtrrdfc
-52700 3844 39928 44702 58776 -43400 -40238 -23560 2914 -36084 hjvcdqj
41832 42911 -17015 -12782 -48721 -24236 -82253 8964 -19588 -47725 a
-48372 1740 -77256 33321 71949 53940 48633 24447 -76734 8700 tvdrkgta
-4896 -9756 9918 10692 -12222 -12618 -17928 -17334 -6066 17748 w
43860 -850 81685 84150 18700 -25075 -8840 -34680 -69360 75395 tvdrkgta
8226 -5967 4635 3582 5895 -7290 -3123 2439 -4059 -3699 w
12768 -16704 3648 6096 4560 -31488 39024 -22320 -7104 -11808 tvdrkgta
-46970 -36630 -9735 44715 -32835 43780 -12980 23650 -42790 18205 hjvcdqj
-3927 -5565 5586 -2695 -6846 3101 -3899 1274 -2590 6447 a
6963 -2838 10989 8382 2838 29205 -5181 693 28050 32703 hjvcdqj
31476 1159 -5124 -21838 -42334 24522 60451 -16531 -17690 -21533 w
-2376 111 1527 2787 -696 1854 966 -1932 -2571 1839 vmtrrdfc
-16771 -16802 -24366 3999 -4433 1767 16802 23343 2480 7006 w
50076 70356 20826 75348 -546 -60996 76362 -76674 14586 3822 tvdrkgta
-16900 -33748 -38688 -24284 34788 15964 988 -39364 -31928 -14144 vmtrrdfc
-70632 1620 -13770 13365 -26487 -33534 21141 -80595 34749 -79947 tvdrkgta
-20325 52500 -38775 -67050 39000 52800 67500 62250 -70350 -67200 w
8132 -63764 -57456 -35264 -57228 -23028 37772 54188 65056 74936 w
18668 -21736 23400 -858 2444 -9542 -25350 13104 5304 -8762 a
25230 61335 25317 -45153 -82824 -52983 -9135 -60030 -35757 -55071 a
273 -2682 -2025 1479 864 -1077 -2487 -219 -252 1134 hjvcdqj
4550 -5866 -5488 -9828 9324 -5600 10122 2688 11606 -9282 w
25974 -16614 -18408 75738 -24804 -26754 -36426 40326 37830 35100 w
-62447 8701 45892 44583 35651 -39732 -5544 29183 66143 -50050 a
-41208 35700 44880 15776 -10132 3672 19584 -11356 16388 31892 vmtrrdfc
64906 -29797 33781 16351 -45899 34362 -23572 43409 -2158 -54531 vmtrrdfc
90117 -67146 60450 -75516 59706 -8463 29946 -39990 -33852 -77004 a
-24050 4680 7800 -14755 38610 -54860 51350 50765 26195 -25805 tvdrkgta
22542 -49011 -36669 29529 -8211 20400 9231 -46410 6579 12036 a
-1470 6783 -4599 672 -5803 -5411 6671 1939 -3920 721 vmtrrdfc
2173 49396 15794 -212 -12243 42824 -41181 265 -7261 -36252 vmtrrdfc
-20433 -23275 -18767 -2744 -13671 46452 -18522 -39543 33761 -9702 w
19404 -25641 -40964 60984 -31262 1771 -30030 -5082 -58520 -51128 w
-26180 -3920 1050 29855 14770 -30310 33845 11725 24045 10780 vmtrrdfc
31552 27472 -5406 -26044 -3264 24820 26656 16966 -24344 1870 vmtrrdfc
77854 -31125 10956 -5644 -30295 47393 57934 2739 -44405 77356 tvdrkgta
76212 -61161 -24360 -58116 54027 76473 -65424 41151 73602 29754 a
22576 -70135 80012 59345 80178 28386 -1992 65902 71463 76194 hjvcdqj
12672 128 30784 29440 -59968 -6080 -15488 18112 -58880 44032 a
16687 -30258 20787 -13366 14391 -6478 5945 -11316 -5494 21812 tvdrkgta
1536 -2768 1496 528 3264 -608 0 5872 6928 1224 w
47200 -26600 1750 -10700 38000 15300 -17350 -38900 -32700 49050 tvdrkgta
80410 18190 2295 75650 19040 66555 -60520 -28645 6290 -11645 w
20080 14880 47120 -68320 -72000 -74800 -29120 52480 49520 24960 hjvcdqj
-30561 -31049 48678 54839 23302 -57462 5368 28121 18727 41236 vmtrrdfc
62280 87840 50760 38790 -72270 13680 -58050 -28620 37710 7830 tvdrkgta
-66196 -75240 31236 51832 -55252 -51148 59736 -41648 45904 -44308 a
16236 36344 -11000 -12100 -22000 -12892 35420 -35860 7832 32340 a
-490 2730 2632 2849 -497 1834 196 -5964 1813 -3738 vmtrrdfc
1834 6440 -13160 -10416 -7462 12656 7196 -6244 3990 -2170 a
25900 -5040 -8400 15890 -41580 59080 -55300 -54670 -28210 27790 tvdrkgta
-20459 -34686 39401 9348 -11316 21935 -30217 4141 17548 37474 a
-21736 21242 -4524 -14872 18044 910 -21606 13338 3484 13728 w
-14858 17974 -14478 12559 13699 -10317 -475 14041 -13623 -18449 hjvcdqj
23370 27930 -13870 -9766 -35112 32870 17860 -34922 -28234 -3192 tvdrkgta
-4301 -2750 -4400 -6028 11 -6864 4092 -9416 7447 8954 a
-4788 13832 5208 1092 1344 -4732 6496 11816 -6692 12208 vmtrrdfc
-43659 -48048 -50897 -37730 69839 55286 -74459 63910 49049 -21329 tvdrkgta
28372 40016 23124 17671 -32923 6232 -26445 -13038 17179 3567 hjvcdqj
9975 -60225 52500 57975 -17400 37275 28350 -17325 -68625 -61800 vmtrrdfc
-6111 952 -5579 6650 3626 2996 -5264 -4620 -4613 4767 hjvcdqj
10406 1462 -30100 80582 -20038 -57190 -74132 34744 -3956 33626 hjvcdqj
55737 92763 -86823 -68607 93456 97218 -198 -35343 72270 85041 a
-26418 24938 -6364 -23828 5476 -34817 -26159 -21349 14171 32597 w
38808 39809 -15785 -11858 -45199 -22484 -76307 8316 -18172 -44275 a
3066 13651 -70810 -57305 -16352 20805 69569 7811 57816 -5548 vmtrrdfc
3480 -44080 -33292 -39672 -53766 43384 41180 -32306 -52664 -7192 tvdrkgta
23130 5670 1290 -4470 15630 -21450 -25680 -7260 18360 19710 tvdrkgta
-37008 23520 36192 -23088 37824 27744 -19776 10464 -20784 -45792 w
51418 -20868 -89206 90616 -36848 -54238 43804 32994 55272 -76986 w
1183 -4074 6881 5299 2667 1225 -5271 -4872 2443 -3913 a
-68796 57720 43914 32292 -5382 -1404 77766 -22308 57096 -43290 tvdrkgta
-46128 -41760 45888 43200 -33504 35136 -6480 -41424 -37776 -10752 vmtrrdfc
-639 3267 4023 -7182 864 -2709 1476 -315 -8163 828 w
51294 -15770 -82253 -25730 18094 -34777 69056 76277 -22244 18177 hjvcdqj
39396 -11760 38416 21070 93590 -12446 54488 93100 -28028 -98000 a
5871 9386 13110 -11438 15998 4712 -4712 11077 -5453 -11951 w
4488 672 -180 -5118 -2532 5196 -5802 -2010 -4122 -1848 hjvcdqj
-27126 -22407 7656 -32076 -27357 -20592 -4752 31812 -30294 -231 vmtrrdfc
8426 -990 -5258 -7865 4961 5236 2420 -9889 -5192 -8437 w
-22850 -3700 -3850 21050 -19700 250 -31650 40900 -300 31500 w
-8448 -13344 36192 -21216 -43776 14544 3456 5904 13392 34896 a
-21825 -21250 -14850 18700 23425 2600 -23825 -18075 17775 -6025 a
-37360 12640 4960 22360 32720 34160 13080 26680 9320 1240 w
-24624 22005 22923 17577 -21249 -19116 22140 5913 432 5805 w
-18944 19904 -48448 -28480 -23104 8256 -35328 29312 -58560 11840 a
-62466 72732 -78300 2871 -8178 31929 84825 -43848 -17748 29319 a
16680 -8340 6920 14060 -11180 6340 9940 -11920 16680 2480 a
-1260 -18945 27135 -33750 32985 -34560 33210 16290 35595 -27090 a
85070 -42864 52264 72568 89770 63544 76328 89112 87514 846 vmtrrdfc
79870 -41846 -61544 -50960 81438 -86730 40180 30282 17444 9310 a
-56007 -16317 -27468 39564 -34776 -38178 -60669 -23373 -53550 -4158 hjvcdqj
11440 6630 -17290 -17810 -7800 12870 16120 6188 3224 -3718 a
1724 -1608 1378 -688 1162 -496 -688 420 -1100 -842 w
-22704 -880 -37708 -3080 36872 -12980 29876 -18876 26268 -14080 w
-72000 67360 -54240 28320 -41040 -3920 -67360 -20720 43040 61680 tvdrkgta
11804 46176 -36244 -25636 46384 -33696 -47320 -25220 -4628 -11180 a
3857 -23287 20300 22417 -6728 14413 10962 -6699 -26535 -23896 a
-46342 -21150 46295 -39433 -36895 -4700 1927 26414 11985 -33887 w
-28560 -51340 -29580 -19312 29852 34884 -33048 2040 53516 61676 hjvcdqj
-5092 4636 27968 -33744 -52668 34960 -60420 51148 -23332 1520 a
83328 40320 -14868 -51240 -43260 -68040 19068 -81396 -36876 -21336 w
-10152 -1674 41526 39258 -3888 -35208 34398 -48168 -29592 53568 w
-14931 77025 -61778 -21646 -395 4740 58223 -25991 67624 -59961 a
-13104 22428 -8232 23408 -952 9912 -15792 -21028 17080 3164 tvdrkgta
-10005 14743 21620 -8579 13432 17641 5980 17848 -18193 13800 tvdrkgta
-82336 82419 41417 -71629 37350 -43741 51709 20501 -76941 26145 w
13440 13416 -22248 -21672 16008 6456 -2352 -21048 -18864 8808 tvdrkgta
79840 -15360 -46960 67200 67920 6160 -63680 80000 24320 39360 w
-52632 11764 49096 14212 -50524 -30940 27064 -59772 204 -41412 a
-56724 18096 48198 55332 -10353 67860 -22707 24621 22446 -10092 tvdrkgta
40664 52836 56440 19380 -54808 -28288 -60452 -12920 43792 17544 tvdrkgta
-2240 -3340 4290 4165 -3840 -215 -1295 1520 3965 95 w
-19635 -25806 1989 15708 8976 50082 -14280 -27540 -32334 -45645 w
41160 30840 12360 53520 -21960 -1740 -23760 -12240 33300 38520 tvdrkgta
-28800 37320 4800 32400 13920 -10720 -21720 7000 10760 32200 a
-9225 23250 70650 -62475 -57750 8250 -31650 -68850 7800 51600 hjvcdqj
57112 -86416 29040 80520 10912 -66528 23320 -18216 -2816 30976 w
52851 -65807 -78763 50007 41238 -37446 70152 -69283 -41870 33259 w
-64800 -8720 74880 44720 -45200 46880 72320 51680 -71920 68560 tvdrkgta
-17298 25296 -34720 33914 -744 48174 52886 -27342 -5270 57412 a
2160 1476 -7326 8604 -702 -12240 7614 -13410 -13284 -180 vmtrrdfc
-26864 62196 32704 -657 -25623 -10658 36135 -62561 -21827 -53290 vmtrrdfc
5502 -10122 -21420 -15834 -29400 -126 -20706 2688 -10962 -25788 tvdrkgta
-26500 -36358 -35086 38213 689 -42241 9699 -44096 -13409 -21836 w
2808 1182 1617 915 195 2076 -981 -639 2898 1041 hjvcdqj
35568 -21216 5184 42480 -35616 -18336 11904 46416 -10080 -7104 tvdrkgta
13420 37840 44385 -28050 -46255 -26895 -54505 -30250 -35145 4510 w
-5463 -1953 -1593 7002 3276 -5427 -2691 -1701 -7929 -756 vmtrrdfc
7777 65219 -6622 -68145 75922 75845 -55825 40117 6006 74151 a
5852 8899 -8877 6028 4774 -6105 -5962 6270 1265 1628 hjvcdqj
20358 -28594 -27347 13514 -22475 -11629 -10121 -18966 26941 24534 a
-144 1300 -668 -2872 -3580 -3060 -2488 -3404 -1084 1324 a
12675 5505 -2685 -9465 -6015 -855 6330 -6030 -9270 -8190 tvdrkgta
13167 -27566 43274 -19789 25410 -71148 -27335 50589 -44429 18249 vmtrrdfc
3454 7183 264 -5225 6105 -3938 -2948 6688 176 -330 hjvcdqj
-20592 -8668 -11858 -6710 -1430 -15224 7194 4686 -21252 -7634 hjvcdqj
-14308 -74088 3528 -51254 20286 95844 30772 8624 -20188 -96530 hjvcdqj
45312 16704 89568 83616 -82944 -45600 25632 93888 48864 75744 hjvcdqj
-27468 -7420 27132 11396 -16800 27104 5124 16688 1092 -20300 hjvcdqj
-21098 -9240 20713 39501 -20790 -29414 28413 -19173 30800 -40040 tvdrkgta
44640 26520 18000 2940 -25800 -49620 43800 -41520 4380 -9720 tvdrkgta
-11139 -2844 44477 11534 -75840 -58697 -66360 -54668 9243 32706 hjvcdqj
39116 -39776 40524 38368 29920 6116 13596 26796 -17732 -15180 hjvcdqj
-19656 -25948 -11102 9022 -22334 3952 7514 10140 4524 -11830 hjvcdqj
18018 -19032 -15548 12922 6266 -4758 -8372 910 5642 -19500 hjvcdqj
-12984 -13008 -18864 3096 -3432 1368 13008 18072 1920 5424 w
-5841 -85833 -73062 -71379 99000 85635 88506 -50886 -30987 -37818 a
10780 -24178 24717 -54285 64372 -72457 37884 19327 -12474 64680 vmtrrdfc
-3240 -44370 32220 -5805 37845 40365 -24435 32985 -21150 25245 w
3905 -19965 -24585 43890 -5280 16555 -9020 1925 49885 -5060 vmtrrdfc
32832 18738 10314 10908 -49410 -594 5724 -7344 35964 17712 vmtrrdfc
-15714 -57812 -55678 50828 -57909 -95157 -58200 -40449 -80801 -9215 a
-4656 4272 17856 44784 -37776 34800 40752 -22848 41712 -28272 tvdrkgta
-5216 4848 4384 -7776 -6632 -4720 -7632 5584 -6856 232 w
-6384 40432 43624 -5432 -4200 -25088 -24024 -2240 -49056 8064 vmtrrdfc
74576 -14773 -18249 -25596 29704 -1817 35076 -59724 28914 68888 vmtrrdfc
-35530 12160 21850 -35834 28690 -29564 10260 8436 24814 25422 tvdrkgta
-17982 -14526 -53244 48978 53892 22950 -37152 49248 13338 51840 a
-68409 10593 60984 44748 -77517 66726 -89397 -47718 -87516 -83160 w
7008 -13680 -5568 15792 9168 -384 7968 16920 22992 -18792 vmtrrdfc
-38115 -50094 3861 30492 17424 97218 -27720 -53460 -62766 -88605 tvdrkgta
-74880 60762 10530 -9282 -390 -63726 -52962 4290 3822 24648 w
-25938 -13860 -53922 62502 53592 43890 10098 -13596 -22902 -41844 hjvcdqj
-57715 40630 41650 -59840 70720 -74545 58990 -79390 -595 81940 a
-39236 29172 -15368 49436 -30736 24276 61064 62968 37060 -15708 vmtrrdfc
22348 22866 67488 -59718 17982 -20128 24198 19980 -32708 -444 a
-3944 -2392 964 -2124 1340 -944 -1788 344 960 -1484 w
-26656 23968 40880 26768 -1624 -41664 23912 -1008 -51184 -46424 tvdrkgta
32970 -19460 42770 -25200 15190 59360 25270 61810 44800 -14000 a
6175 -5408 -6019 -2067 7527 -1053 6201 -6916 12857 -11011 a
12811 -4830 -6256 2783 7912 -19573 6394 -2645 3082 -2438 vmtrrdfc
34992 -64881 2187 62694 -5346 -64314 4293 42120 75006 38475 tvdrkgta
-15015 -75152 -16093 -60060 -18480 -67991 -17787 27566 16478 21021 a
-49192 86592 30096 50336 2816 16456 -40656 24992 14080 -3784 hjvcdqj
20228 -9230 -10686 -12610 22620 21268 -130 11622 -25948 -13182 a
-76632 64356 -57939 -19809 20181 6696 -88536 -88722 -49941 65844 a
-9324 -7532 -27608 25396 27944 11900 -19264 25536 6916 26880 hjvcdqj
-93 -45477 -84723 -17112 67239 -53103 69471 20460 90303 60915 hjvcdqj
-38184 58164 8510 -62752 -24568 41218 15392 -66674 50468 14578 w
65116 -40077 61028 -23652 -5110 6351 30076 8249 -47158 -44384 tvdrkgta
-1710 8284 9956 -8968 -5472 -11818 -16226 15770 -456 11210 a
12698 -1694 3108 1204 -6468 -8036 2492 -4550 -12222 -2884 hjvcdqj
-3336 5958 24 4944 3696 -780 1302 3078 1218 240 w
-23427 45258 -49419 -18924 -35340 10089 21717 -32433 38361 28728 hjvcdqj
-4680 -37680 -12180 45900 -40140 -54120 1440 10380 48600 40260 w
1512 -30456 69624 -17136 38448 -41184 60408 -33768 33120 52992 a
-858 -10516 -6677 2409 -2541 6402 -6501 -5280 -1067 -8525 vmtrrdfc
-69576 42822 -65208 25272 5460 -6786 -32136 -8814 50388 47424 vmtrrdfc
9614 21666 15295 21942 -22632 -4462 20102 -8326 -22218 20401 w
2484 14122 33948 19642 -31004 24058 7774 -28382 -45954 19964 a
-24112 -10560 23672 45144 -23760 -33616 32472 -21912 35200 -45760 w
-6897 7975 6182 1221 2354 7590 -8547 -7216 7194 -3091 tvdrkgta
72716 -59388 42434 43708 29302 -75362 -93786 67522 46452 -73108 hjvcdqj
4595 -1450 3225 2790 -535 -165 -3400 1180 -3755 3575 w
444 4292 -18389 -29082 13135 -27195 7770 25234 -31006 -33929 w
2779 -6475 -1127 -6650 2576 -5614 3731 6167 2233 -924 hjvcdqj
-18579 -30921 28941 22869 -31152 -32406 66 11781 -24090 -28347 w
-3090 950 4955 1550 -1090 2095 -4160 -4595 1340 -1095 vmtrrdfc
5355 57970 54145 -16235 -23715 -78370 -13940 6545 36720 37740 hjvcdqj
-3692 -17160 -48464 -50856 10972 -41028 1352 3120 -9932 -23712 hjvcdqj
44896 32879 -48068 5185 -54534 11712 -12627 -23546 -12627 -33855 hjvcdqj
33984 -51968 -10112 53440 28672 -6784 -28288 -8256 -14400 -960 tvdrkgta
18930 -24360 13410 -23670 6600 23370 27810 22050 -4830 -21660 vmtrrdfc
-79580 14904 88688 38824 51888 -75256 -71852 47564 -24380 78844 hjvcdqj
-5677 1379 4137 273 3185 -1078 -2079 5306 -4641 -140 a
-20118 18648 37296 798 16044 -39438 -11172 30702 -28056 -14070 w
15782 5642 4602 -20228 -9464 15678 7774 4914 22906 2184 vmtrrdfc
-80052 22932 -2688 -78204 66696 37464 20160 55440 78708 43428 tvdrkgta
-168 -1624 6958 11004 -4970 10290 -2940 -9548 11732 12838 tvdrkgta
-34790 -23030 30968 37975 47089 -40768 -931 22246 -10584 14896 hjvcdqj
17664 -21312 11040 -20016 -5832 18456 3240 -3504 13968 12120 a
-10027 25900 -19129 -33078 19240 26048 33300 30710 -34706 -33152 hjvcdqj
-21180 -10620 16140 17610 -27540 -25410 -22200 -3180 -26190 -6420 a
16948 -10431 15884 -6156 -1330 1653 7828 2147 -12274 -11552 w
-6300 2055 -3870 -7440 14850 -8985 -13605 6165 1425 -14085 vmtrrdfc
57960 -9576 65160 -71280 39168 -71928 -32472 -17712 -6696 -59976 vmtrrdfc
-26492 -63418 43882 67858 72816 16502 -44104 53946 -48248 -38702 w
16720 -16340 3480 11440 -13880 -700 16620 -10260 -2680 -10560 vmtrrdfc
-45684 564 43804 -18753 -27777 36566 17907 -43334 6909 -31349 w
25991 329 -7755 -12831 29281 -45966 -39809 -17155 5828 27307 tvdrkgta
-64206 -71668 30176 39688 18532 57564 -22960 -3198 -61418 58384 a
44100 -16740 -79380 1710 -76500 56970 -18990 54990 -21780 -81000 vmtrrdfc
-15990 -43050 29438 -70274 40426 1886 35998 -35096 -62894 41410 hjvcdqj
31648 -74046 77916 50826 -58394 10148 81270 -15480 -64844 -82904 w
5238 -8928 -2538 -10152 -5868 -4014 -2304 2196 -8406 -16830 vmtrrdfc
-661 -110 -130 -448 360 -65 208 -404 -130 973 tvdrkgta
-71688 46284 -12615 -33843 -5133 37497 23838 67251 0 36453 vmtrrdfc
4896 -1168 -4208 1776 552 -2888 -5968 7432 5416 -5832 vmtrrdfc
0 0 0 0 0 0 0 0 0 0 vmtrrdfc
-33024 50304 7360 -54272 -21248 35648 13312 -57664 43648 12608 hjvcdqj
25916 58404 41230 59148 -61008 -12028 54188 -22444 -59892 54994 tvdrkgta
44235 39240 35145 40680 34920 -39015 -29520 24795 -11520 41490 hjvcdqj
-22010 -18910 8897 9548 22754 25048 3875 2046 -8711 -372 a
-22135 43700 -7980 -19950 -70490 -90250 53960 70965 -26505 83980 a
-1428 3064 -3816 1524 812 380 -2388 -1004 2556 1112 hjvcdqj
-11496 3324 7284 1128 -11484 2592 1332 6564 3588 9048 hjvcdqj
-30562 -24309 4551 -15466 -7733 -10027 4477 6882 7807 -4366 vmtrrdfc
-19376 -27328 -15792 -12068 22484 -4256 18060 8904 -11732 -2436 a
7920 -34848 52560 58608 62712 -13824 -28800 7632 -20736 33552 a
25608 -40260 53592 -35508 -6072 44946 58608 -45672 -23562 6732 a
-7268 -55476 -55200 69092 57960 -74520 -45448 50048 37996 10672 hjvcdqj
-16050 -11300 44850 42900 2550 -38100 45400 28750 -13900 2600 a
32319 35568 37677 27930 -51699 -40926 55119 -47310 -36309 15789 vmtrrdfc
17458 -15138 -17110 -14906 -17719 20619 -17516 -10295 -21199 -11629 hjvcdqj
64253 -54203 9112 55476 -25996 21373 63650 -28274 65794 -38659 hjvcdqj
-63700 49855 36530 -56810 -24375 8255 -3705 -60320 -16120 28080 vmtrrdfc
55242 26829 -73161 -87120 11187 -11088 -12375 -90387 -16929 61182 a
-1852 -1996 -336 -2140 1228 -3056 -2504 2136 2880 -3824 hjvcdqj
38130 74784 19680 -70356 23288 -39360 -81262 -36080 64124 51988 a
-15000 5200 -46600 43200 79500 51000 -53000 -37000 57900 -50800 tvdrkgta
-296 -474 -844 -40 -976 1784 -738 704 -1786 1396 w
34009 -31524 -63048 -1349 -27122 66669 18886 -51901 47428 23785 hjvcdqj
-26070 5610 -27720 27720 48378 -7392 -47190 -14388 -21846 -55704 a
14555 -7668 -30530 -23004 -30459 -69935 7455 -66172 -36991 -53463 w
63 -1428 -1548 798 -1263 -1017 -1137 -273 -1068 -1419 vmtrrdfc
-3408 24566 64184 -4473 -69864 -55096 -3124 1562 -52469 -15478 w
86912 -53253 -36569 -66736 -4365 40158 32204 72459 94478 63438 tvdrkgta
-16443 3294 -22869 4266 21978 -11421 -11961 2133 9909 -23247 a
-94570 -12348 -4312 22540 10290 90846 23520 -79184 -19502 -4116 tvdrkgta
7182 567 -783 5787 -2016 -630 72 -6885 7740 8964 a
51480 -30492 -98505 -17523 -61182 -34452 80586 45243 -26037 80091 tvdrkgta
-46029 -34639 18492 19899 -53399 -65124 19430 -55677 31691 -10184 w
2700 -25920 89550 56070 -87390 -86400 27630 -45180 78120 -86670 w
8844 1408 -26840 44000 39732 21824 -5280 7128 36388 38236 a
6993 -7389 -3924 8442 -4158 -3546 5337 -1620 4518 -4959 tvdrkgta
-42048 33744 13440 32064 -29808 -42192 36096 -22704 -40608 -16416 vmtrrdfc
19760 -50804 6084 -46800 18356 38324 45604 -15964 -15808 25584 hjvcdqj
-26586 -17598 12852 25074 4494 -1470 -1764 17388 13944 12642 vmtrrdfc
64540 63560 -63630 -5530 -53970 -50610 41440 -52780 -1050 -66150 tvdrkgta
2856 -43503 13107 -16167 -2907 12240 3264 -18564 8772 -32844 a
-2016 -27608 20048 -3612 23548 25116 -15204 20524 -13160 15708 tvdrkgta
2028 -6984 11796 9084 4572 2100 -9036 -8352 4188 -6708 vmtrrdfc
402 -366 -2208 2664 4158 -2760 4770 -4038 1842 -120 hjvcdqj
-18348 -11286 22506 -63360 -51018 11946 -31482 -55638 -64416 15840 hjvcdqj
-11704 -6248 -1122 -4840 -2134 5852 -6512 20812 2816 -21208 vmtrrdfc
31400 -29200 -90000 -50700 -11100 24700 -30500 -13900 -46600 98500 vmtrrdfc
21120 -4488 48972 -5346 -47982 -54318 -46794 -37884 -39072 9504 hjvcdqj
7072 -15136 -31712 -5632 -21472 1952 -1088 20704 -17696 9024 hjvcdqj
36792 70344 43560 -44928 27288 55944 70632 40392 -288 62064 vmtrrdfc
-55193 64117 48888 -11640 56551 34823 -58006 -37442 -19594 -39285 tvdrkgta
-27440 -59200 -35200 -72960 -23280 -50000 -38400 -72720 49840 41520 tvdrkgta
79032 4717 8633 -7921 80011 71111 1246 -36134 -4450 -29014 w
-8170 35217 -34314 1376 -22016 37410 30745 -13287 15867 -19178 a
68740 57750 65730 11200 25270 -34860 -13370 66780 -31850 37870 tvdrkgta
13279 -34300 25333 43806 -25480 -34496 -44100 -40670 45962 43904 tvdrkgta
9800 -3720 -17640 380 -17000 12660 -4220 12220 -4840 -18000 vmtrrdfc
3480 -9720 960 640 14600 -22120 -31960 -20160 30760 -12440 a
75620 -31084 -19380 -8436 -50616 21128 74024 -47880 52744 41344 a
11115 -6630 1620 13275 -11130 -5730 3720 14505 -3150 -2220 hjvcdqj
-47264 -36512 -33544 -45864 1736 -11704 -40656 -24192 -18704 47656 hjvcdqj
7062 31218 -9042 -3696 -24222 20823 -18612 22902 -3993 -22473 a
1974 -2682 -2817 468 2109 2484 -1398 1683 1227 2232 vmtrrdfc
-7982 13390 -13000 3432 -11596 6214 -21424 6448 -13364 2626 hjvcdqj
26622 29716 -12512 -16456 -7684 -23868 9520 1326 25466 -24208 vmtrrdfc
-57270 -69000 45540 -30015 10557 -552 -63825 -51129 -18009 -50301 w
-28150 -10750 -46150 -14500 -24600 23450 -23850 -11750 -47150 2850 hjvcdqj
30774 -38318 -45862 29118 24012 -21804 40848 -40342 -24380 19366 tvdrkgta
-37336 -39416 -36504 32760 7228 -45656 42848 13624 -6396 45032 tvdrkgta
5828 -37976 -24487 -25615 -14147 42441 2632 32054 -1833 -141 hjvcdqj
-71440 89205 -23940 -81890 -17100 24890 -855 32395 81415 86830 a
-29410 46070 -66725 53805 -54230 -38080 56865 39610 -56865 -73015 a
52414 55334 51246 -45990 -10147 64094 -60152 -19126 8979 -63218 w
-31868 -9114 -52886 -10726 34720 -18724 -7688 -55490 -21390 7316 hjvcdqj
15120 -19593 -2520 -17010 -7308 5628 11403 -3675 -5649 -16905 vmtrrdfc
97020 85734 -56232 -5445 66627 -12969 81576 24156 85239 -33561 vmtrrdfc
7728 -874 7130 -21666 -30958 -37536 32338 -20516 42642 -19274 vmtrrdfc
-1456 7630 658 3052 4172 -868 -10318 3192 11410 -3696 vmtrrdfc
-29808 69741 -73386 -47871 54999 -9558 -76545 14580 61074 78084 vmtrrdfc
26217 -26055 9828 10341 25245 14634 -5238 -6291 2970 3348 a
66913 65333 -76472 57512 65254 70863 -37051 -10902 -5530 -68256 a
43980 25680 -8700 -20340 -35880 58200 29040 18060 -41760 46380 tvdrkgta
-744 -7192 30814 48732 -22010 45570 -13020 -42284 51956 56854 tvdrkgta
-12084 41382 53466 -7980 33402 38874 5130 5415 -49077 -51585 hjvcdqj
-51626 37765 -69388 72542 -46231 -73704 -10541 -913 -61171 -20252 hjvcdqj
82644 16587 3395 35987 -23086 -84099 12222 -48985 66930 38800 a
21164 -38376 26364 -16952 18252 -8216 7540 -14352 -6968 27664 tvdrkgta
-2064 1560 4848 -4088 -2416 -2808 -1328 -7584 -2880 -4352 vmtrrdfc
-6292 -41140 28600 32516 23188 -19976 19140 34848 -32032 27236 w
42914 -8256 -25241 36120 36507 3311 -34228 43000 13072 21156 vmtrrdfc
-996 -9628 41251 65238 -29465 61005 -17430 -56606 69554 76111 a
51888 -87952 18952 -60168 -35972 23000 60904 -6532 -74428 -33580 tvdrkgta
3915 19836 -40716 -28101 -64989 27231 -21228 28884 26796 -48546 w
15190 36652 25284 -8722 -26754 -50176 -6174 76930 65366 -2058 vmtrrdfc
-2264 2128 -3628 -1312 2812 -484 1856 3856 1188 1748 w
512 -8128 -13504 17120 31904 -22944 -5472 27840 1632 29440 hjvcdqj
-40770 -15174 -49572 -46926 13392 -16200 14202 -49464 10260 -11178 tvdrkgta
-44170 -36260 -48790 58380 40250 -68950 -16100 -63490 -46340 44240 hjvcdqj
60672 25344 15488 36736 64000 23360 47936 35200 40320 -24640 a
-16464 -49098 -97608 -62034 58604 22540 46746 -20776 26166 46648 a
-7200 12624 14976 -4000 9088 224 8624 9616 13056 2144 vmtrrdfc
-5640 2730 -7570 8830 -2180 9510 3810 -3690 2100 3120 w
54340 30476 44536 65360 43396 -33136 43320 60192 -34808 -65132 w
-1540 -9075 -7150 -45815 -49665 7040 1870 -7645 44990 13420 hjvcdqj
20562 -13639 -1058 3726 7705 10419 -621 -1403 -22080 -4209 tvdrkgta
78507 -53262 -80784 12771 -9603 64152 -97713 -54351 -39303 -84447 tvdrkgta
21962 13509 -26939 75840 61067 -14299 37683 66597 77104 -18960 a
-22760 -17360 -11960 21240 -17920 29800 -21240 23880 24560 -3880 a
-12747 -4557 -3717 16338 7644 -12663 -6279 -3969 -18501 -1764 hjvcdqj
-3310 6230 -5270 690 -6170 -1850 4920 -7430 9530 -9910 hjvcdqj
4410 -1674 -7938 171 -7650 5697 -1899 5499 -2178 -8100 a
-19992 -10388 -83986 -6958 -67522 -74676 33124 71638 -40376 -52626 hjvcdqj
2520 -12208 -14672 13216 8064 17416 23912 -23240 672 -16520 a
-5772 -46472 -15022 56610 -49506 -66748 1776 12802 59940 49654 vmtrrdfc
-5408 5265 -11544 9347 -10283 4316 -4251 104 -11687 11752 w
2982 -5824 -10416 364 -9702 7434 -2450 13650 -12152 -1442 hjvcdqj
8414 -10948 -294 -10458 13118 4116 -10752 12838 9884 -2982 tvdrkgta
-12558 9711 988 2288 -11297 -8671 2964 9347 -2535 -9243 vmtrrdfc
58094 -13950 -47678 24676 48236 -38378 48980 -52762 18476 -50964 a
12192 -5904 -30240 27168 22272 -23040 34224 -7680 10800 44496 vmtrrdfc
37721 62779 -58759 -46431 63248 65794 -134 -23919 48910 57553 a
-34314 30618 17052 2142 -19362 -30660 32718 30282 16254 26838 w
-58652 -13268 -1674 -55180 -13888 -48546 44144 20894 -4588 8494 a
-9264 -10032 37152 28032 -40848 39792 11040 30240 -9264 -45648 tvdrkgta
-12597 9386 -8450 10556 -8346 1183 -4186 5590 4732 10764 hjvcdqj
3180 -40280 -30422 -36252 -49131 39644 37630 -29521 -48124 -6572 a
-21900 -16500 10050 -3630 -11640 -11010 15150 11430 -20310 -7440 w
-2280 21888 -75620 -47348 73796 72960 -23332 38152 -65968 73188 vmtrrdfc
-40362 -12726 -7854 19026 -32382 10038 -18774 16464 17514 37926 a
9145 22066 15222 -5251 -16107 -30208 -3717 46315 39353 -1239 w
-1050 1290 954 159 774 -1779 1170 1209 -390 -1335 a
-19908 -35388 -33876 32544 -32868 -22068 24588 -35208 -28260 -29664 w
71410 9324 3256 -17020 -7770 -68598 -17760 59792 14726 3108 vmtrrdfc
94080 -73632 -53952 83904 36000 -12192 5472 89088 23808 -41472 a
-20955 6468 -22110 26730 19041 10791 -15477 -24981 24222 31251 w
-17248 -59976 19110 4018 -64974 73402 -63406 53998 36456 -19306 a
-33264 14553 35028 51156 -9954 7371 -60669 -40194 45864 38808 w
-54126 -52700 -36828 46376 58094 6448 -59086 -44826 44082 -14942 vmtrrdfc
2516 -3626 -16502 -13468 -66748 -16428 36704 41736 -59940 -60828 vmtrrdfc
42280 15736 51408 48664 -13888 16800 -14728 51296 -10640 11592 tvdrkgta
-4736 -3404 -34521 -8806 -23051 34040 -28490 -28712 36445 6808 hjvcdqj
63512 -41548 -55624 -31484 -58004 -37740 66300 19584 20400 -47056 w
-33150 -15100 -7350 19250 49100 -34400 -33600 26350 48150 24650 hjvcdqj
-69888 60996 -24414 76440 -67548 48750 -16458 30030 46722 57720 hjvcdqj
-11 -5379 -10021 -2024 7953 -6281 8217 2420 10681 7205 w
23936 3584 -960 -27296 -13504 27712 -30944 -10720 -21984 -9856 vmtrrdfc
-5728 3728 1936 -2920 0 -6064 -7776 -3112 6264 288 w
66225 -4500 -27150 -72750 59625 -71775 62475 5475 71700 49350 a
-18727 31415 -30500 8052 -27206 14579 -50264 15128 -31354 6161 a
46472 -61642 54168 -20720 -13246 6216 -72890 47360 7992 25456 tvdrkgta
-4032 42624 22368 -50496 -85248 38784 53376 10656 3360 -92736 hjvcdqj
6474 29718 17706 68952 34554 56628 -65208 44538 71526 58032 a
42279 -33813 -13464 41820 -45798 -10608 28101 -50388 10404 -34017 vmtrrdfc
29698 -8587 -18817 -2914 29667 -6696 -3441 -16957 -9269 -23374 tvdrkgta
6952 7172 704 4950 10032 -16126 -4862 5302 748 2398 vmtrrdfc
-13356 16542 14130 15606 -6570 -9540 16668 -13230 1512 15930 vmtrrdfc
1770 720 -2030 1595 -2360 470 -945 4200 390 -4795 a
-30581 46958 -41764 -49184 2756 -35669 -44944 -10653 49661 31111 tvdrkgta
39421 -64701 -53878 47242 18012 -158 56169 76709 -49296 -53009 w
-71896 -50740 -25972 -57276 -13674 -11094 48504 30444 16254 -54352 w
-11946 -2211 23562 11385 -30294 -29568 -4653 14817 19866 25806 a
29512 10676 13736 -15776 22406 11934 -23052 7412 19414 15028 tvdrkgta
4200 -14700 -1860 -1950 4995 -210 3360 -5220 4095 -975 vmtrrdfc
-45036 22518 -18684 -37962 30186 -17118 -26838 32184 -45036 -6696 vmtrrdfc
7744 2688 -15328 -192 608 9568 -9280 -23808 704 -16256 tvdrkgta
-18240 -6336 12864 -10488 -19224 15984 8880 22776 5616 3168 a
-18122 -19584 -33728 -33932 -27710 8534 -25534 -33932 21080 -9384 tvdrkgta
-27000 57675 60600 -55125 -72975 -5850 -66000 -48150 -1650 44925 a
-10640 16492 66120 -3572 63232 48792 -63460 -51756 16796 26296 w
-39984 37744 -9632 -36064 8288 -52696 -39592 -32312 21448 49336 vmtrrdfc
-64602 -62900 -43956 55352 69338 7696 -70522 -53502 52614 -17834 vmtrrdfc
41268 -51642 44859 18525 7467 -32889 46740 43149 -43662 -12141 a
27944 -45864 -38192 33488 12768 -112 39816 54376 -34944 -37576 tvdrkgta
26496 -31968 16560 -30024 -8748 27684 4860 -5256 20952 18180 tvdrkgta
-52866 -84150 -36432 9603 91674 -4158 59499 -90189 50886 29898 hjvcdqj
-19329 11220 -7548 11679 -15963 -10455 25041 -7752 -13923 -4896 w
-12141 25418 -39902 18247 -23430 65604 25205 -46647 40967 -16827 a
38745 -7421 37556 -40631 9307 3936 -5904 25625 -18368 -39729 w
27540 3706 -31824 -19006 19210 -19924 -30736 -21964 30566 -29138 w
-36566 16685 19317 22795 -40890 -38446 235 -21009 46906 23829 a
-7140 6740 -1720 -6440 1480 -9410 -7070 -5770 3830 8810 hjvcdqj
25340 -12768 15568 21616 26740 18928 22736 26544 26068 252 vmtrrdfc
53606 -6272 -81438 -45276 29890 84672 65072 67326 20972 -4214 hjvcdqj
8364 -66092 15908 45428 -246 -31898 -72816 -54448 77326 44936 a
-20384 19845 -43512 35231 -38759 16268 -16023 392 -44051 44296 tvdrkgta
-17004 -25038 66222 43680 -41262 13494 -23322 66534 -56862 -46722 hjvcdqj
-40656 -40600 43960 -46312 -12824 -19488 -26880 -9240 27048 48720 a
-8517 16065 -12087 731 4930 3315 6103 -2822 -10965 16371 tvdrkgta
-18084 34936 -38148 -14608 -27280 7788 16764 -25036 29612 22176 hjvcdqj
-17200 -21120 -73520 -6640 -17120 -48640 -37600 14320 -10160 51600 a
60093 21483 17523 -77022 -36036 59697 29601 18711 87219 8316 tvdrkgta
-35640 -20655 53865 55485 24300 -40095 -50220 -19278 -10044 11583 tvdrkgta
21443 -17999 3034 33784 -28167 27675 -28700 30627 7872 -30750 a
10220 -22922 23433 -51465 61028 -68693 35916 18323 -11826 61320 vmtrrdfc
-10080 22608 -23112 50760 -60192 67752 -35424 -18072 11664 -60480 hjvcdqj
80514 -9558 -40176 69903 -80595 47547 -69822 -49653 50382 -27783 a
76950 -46251 75168 -69741 73305 55566 79947 -56538 -11826 -15633 a
-2990 -3400 1275 -1290 5000 -1440 2860 4465 -4815 2080 tvdrkgta
-26572 27916 6860 19096 -2520 -14448 8624 -14392 16072 -24584 hjvcdqj
12168 -41904 70776 54504 27432 12600 -54216 -50112 25128 -40248 a
-24192 45696 64800 -85536 29856 -51936 31008 -28704 -28224 84000 hjvcdqj
46697 -13377 1568 45619 -38906 -21854 -11760 -32340 -45913 -25333 tvdrkgta
31248 15264 1584 -2208 -32688 -22224 -41376 21120 30240 -32592 a
22873 -83927 75917 76896 -56871 85707 70844 48505 1157 88644 a
-178 697 -842 -21 -402 -46 250 237 -163 -709 hjvcdqj
-31785 -2964 14157 -4875 -33930 34983 23790 -37908 11973 -3705 w
40320 40248 -66744 -65016 48024 19368 -7056 -63144 -56592 26424 w
1794 -17250 19044 -22678 -19320 -26266 -31970 -21068 26404 -42412 tvdrkgta
-47038 6554 34568 33582 26854 -29928 -4176 21982 49822 -37700 w
8868 480 -5400 -7668 -1260 11160 2940 -11172 4008 8844 w
-12960 -47680 -45920 41920 -47760 -78480 -48000 -33360 -66640 -7600 tvdrkgta
66720 -33360 27680 56240 -44720 25360 39760 -47680 66720 9920 a
-39425 34960 -91770 -15675 24320 -15295 74575 89300 -59185 -87780 hjvcdqj
-53175 -41550 59775 7800 36750 -44325 47925 7425 -12900 31275 tvdrkgta
4185 -17199 -13014 -9288 -3942 2889 6426 17253 25731 18036 w
7007 -649 2959 -4609 2420 5390 693 1793 6094 -8437 a
32 -430 -1628 1934 1488 112 -1562 -656 -514 1242 vmtrrdfc
-69720 -31042 -39591 36022 -35607 -18011 -49385 10707 -44322 3071 tvdrkgta
-4180 -8920 6140 6410 2010 6620 5570 3400 -6180 -9800 w
-14137 33366 17219 -29346 -13735 -5159 -51992 -65124 -28676 22914 hjvcdqj
16560 13890 -10680 13620 4680 16260 -24990 26700 27570 16290 hjvcdqj
-60680 -73472 45838 -43460 32718 -19106 39934 -42066 80524 74128 a
-83848 51606 -78584 30456 6580 -8178 -38728 -10622 60724 57152 w
-67450 -57950 27265 29260 69730 76760 11875 6270 -26695 -1140 tvdrkgta
26182 34884 -10526 -19266 -11514 -21204 -8778 -27474 -36176 -28918 a
15387 -12834 -5543 -7866 -2553 10028 10143 -16284 -12213 4577 a
1363 25955 16733 -15486 -11281 10469 21663 -7859 21982 18647 tvdrkgta
-612 -318 -2571 -213 -2067 -2286 1014 2193 -1236 -1611 vmtrrdfc
20760 -1200 2640 -29970 16770 18030 -26010 17610 -4680 27510 vmtrrdfc
56712 -28356 23528 47804 -38012 21556 33796 -40528 56712 8432 tvdrkgta
-29800 48000 97800 -72200 -61900 -53700 -55700 -900 46300 -41500 a
10212 -5698 32560 31302 25197 12654 -15318 16132 -3737 15281 vmtrrdfc
-17520 14060 5600 13360 -12420 -17580 15040 -9460 -16920 -6840 a
-9288 1692 -432 13878 -17604 6588 -2070 16920 -7290 -13986 vmtrrdfc
-18150 6600 -36650 -41650 49150 27850 6600 17200 13650 22400 tvdrkgta
3555 -17222 -20698 18644 11376 24569 33733 -32785 948 -23305 vmtrrdfc
-5852 -3124 -561 -2420 -1067 2926 -3256 10406 1408 -10604 vmtrrdfc
-16443 -18354 7728 10164 4746 14742 -5880 -819 -15729 14952 vmtrrdfc
21120 12240 -31920 -32880 -14400 23760 29760 11424 5952 -6864 w
44505 20907 -68517 48369 -60858 16422 -46851 20562 -51750 -37053 tvdrkgta
-16102 63080 35441 59760 -29631 -7055 1660 30627 71629 63661 w
-34437 2340 14118 37830 -31005 37323 -32487 -2847 -37284 -25662 a
-11934 -5436 -2646 6930 17676 -12384 -12096 9486 17334 8874 tvdrkgta
140 -5558 -1225 -3668 4053 -1071 -1456 4151 2912 6447 vmtrrdfc
-6402 25080 14091 23760 -11781 -2805 660 12177 28479 25311 hjvcdqj
-17940 54210 -56160 54470 -4225 -33800 32175 38155 63180 -39780 hjvcdqj
17668 -3892 2772 20104 -4676 11704 19404 27608 19824 -24864 tvdrkgta
29520 -38253 -4920 -33210 -14268 10988 22263 -7175 -11029 -33005 w
-19239 22341 21681 2013 -31911 -12441 10956 17556 3597 -6402 vmtrrdfc
-84575 -39610 24565 -19975 -82280 -45730 65365 -26945 -26180 -79985 a
-67048 47872 25024 -37468 -10608 55488 46852 36788 -26316 -52360 tvdrkgta
-23552 20608 -55104 -21696 45056 -8640 11328 -4352 42624 38976 w
-10275 19850 -21675 -8300 -15500 4425 9525 -14225 16825 12600 a
-16732 84788 1504 -59784 35908 -64296 -23594 -40232 -88266 -79900 a
-79325 83790 14535 66215 41420 7695 68780 1235 -30685 78470 a
8766 -8649 -7200 2466 5886 -7461 -8532 -8658 -6714 -2061 a
-20425 18225 10150 1275 -11525 -18250 19475 18025 9675 15975 w
25652 -29480 -29700 9240 -17820 -29480 21824 33528 -15928 7920 a
-33704 3960 21032 31460 -19844 -20944 -9680 39556 20768 33748 tvdrkgta
-2034 -2820 -1269 -591 1245 -1503 2085 882 -1173 1764 w
-25056 -1584 2124 34920 24912 -32796 27144 -33876 -18000 -31680 tvdrkgta
-882 -3927 20370 16485 4704 -5985 -20013 -2247 -16632 1596 vmtrrdfc
-40664 -34216 -6240 -48308 45604 -3744 -41080 -41704 -15496 -32448 tvdrkgta
39480 -53640 -56340 9360 42180 49680 -27960 33660 24540 44640 vmtrrdfc
-65110 9945 83130 -74715 7055 61710 -17425 -26180 2805 80920 w
-50622 37878 18172 48616 51389 -32332 40887 57702 -58469 -39058 w
-40824 50274 16758 3402 34524 -36414 -2520 12915 -11214 -58275 a
-32640 17901 -20706 7242 1989 13413 -7599 -18666 -8466 -9486 a
-3834 10134 -13410 16218 -15894 11124 10476 -7668 7938 15264 hjvcdqj
62699 -58422 -8736 43407 62426 -83720 80899 -80808 -90818 15561 w
-38700 -1425 6300 26850 52050 -30150 -74325 20325 21750 26475 w
-27354 -73138 -38994 -13095 -91568 83032 -8439 -2231 -70228 16005 w
-30784 1998 -35668 -16391 -11729 5032 -10027 -11174 36334 -1184 a
-17724 62916 -4704 57288 16548 -81984 81144 -54684 78036 66444 vmtrrdfc
38016 11088 65808 -28944 21312 -11520 9360 43992 -16344 -69840 a
-2790 45180 19260 -33930 -7740 13230 27540 -52200 -57690 -54090 vmtrrdfc
-896 782 -313 980 -866 625 -211 385 599 740 hjvcdqj
-50641 58829 44856 -10680 51887 31951 -53222 -34354 -17978 -36045 vmtrrdfc
-56896 62784 61376 48256 3456 -26496 -60224 45824 -31360 -14336 tvdrkgta
-61088 -44737 65404 -7055 74202 -15936 17181 32038 17181 46065 hjvcdqj
62622 -52540 -39973 -29394 4899 1278 -70787 20306 -51972 39405 w
-65100 44300 -79500 69600 25400 -89200 27400 -23000 -18300 71500 a
-10686 20644 -22542 -8632 -16120 4602 9906 -14794 17498 13104 hjvcdqj
-1094 128 1662 924 -610 -1728 -1328 -1374 -428 86 hjvcdqj
-74385 -83030 34960 45980 21470 66690 -26600 -3705 -71155 67640 w
39639 -7154 49567 -71175 -22849 5037 -63948 -11388 -68401 73000 tvdrkgta
-25258 39566 -57305 46209 -46574 -32704 48837 34018 -48837 -62707 w
58384 -61254 22550 21730 64616 -54202 -63632 6068 -2460 25584 tvdrkgta
-14076 6716 6624 -3036 598 -10718 92 -3197 -18492 22103 tvdrkgta
-1233 2382 -2601 -996 -1860 531 1143 -1707 2019 1512 vmtrrdfc
-43475 -32336 30409 12455 22936 40044 -235 43992 33323 -3102 tvdrkgta
-2321 5478 2827 -4818 -2255 -847 -8536 -10692 -4708 3762 tvdrkgta
-83927 -14240 34087 21449 55625 4628 27501 23674 -22428 -71734 w
-2783 8303 21965 -5267 14927 -5865 -12006 9752 -9913 -14513 w
-28490 51660 -35490 22820 -24570 11060 -10150 19320 9380 -37240 w
17874 -33642 28458 -3726 33318 9990 -26568 40122 -51462 53514 a
-10648 5214 -3388 10736 -8866 9394 -11220 -1694 1496 -11616 a
-18901 -31324 23001 -38827 -35178 27757 -1025 1025 -16769 -4510 hjvcdqj
4180 -18392 27740 30932 33098 -7296 -15200 4028 -10944 17708 w
16956 -15768 -48600 -27378 -5994 13338 -16470 -7506 -25164 53190 a
25944 21761 -16732 21338 7332 25474 -39151 41830 43193 25521 vmtrrdfc
6908 4334 781 495 -10538 3157 -5203 2706 10483 5280 tvdrkgta
-7623 -22473 -84546 57618 -19107 24849 -41481 -71775 79992 -10395 hjvcdqj
-34680 59160 17408 -8772 -63852 -1156 58140 18360 57936 61404 vmtrrdfc
13702 -14008 -29648 -24208 9146 -19856 -5984 13294 -21726 -29138 vmtrrdfc
-44068 19872 -21620 -10948 -40020 29210 -25944 -24702 24518 -8004 hjvcdqj
-2864 -2992 -5560 -6160 -7856 -1256 264 5248 5408 5440 hjvcdqj
-8632 9971 1040 -6734 -364 -7345 -8307 -11999 -6994 -8294 tvdrkgta
7498 -21505 -11362 -13363 -391 17595 2898 -1288 21413 1679 a
-1370 -600 1345 2565 -1350 -1910 1845 -1245 2000 -2600 hjvcdqj
9295 5213 7618 11180 7423 -5668 7410 10296 -5954 -11141 vmtrrdfc
4932 -9528 10404 3984 7440 -2124 -4572 6828 -8076 -6048 tvdrkgta
-62192 23920 70012 -73600 74060 56764 -84640 -87952 -34960 -84548 vmtrrdfc
3115 1932 2380 2765 6839 -3738 1071 3773 3948 -2667 w
-12402 -16524 4986 9126 5454 10044 4158 13014 17136 13698 w
44891 40386 -34556 -9275 -2756 -7632 -19345 -7261 -48336 -50350 a
18480 -6028 11352 21824 -43560 26356 39908 -18084 -4180 41316 vmtrrdfc
69020 -49280 -25760 38570 10920 -57120 -48230 -37870 27090 53900 hjvcdqj
9807 13923 -14007 -6447 8169 4914 9219 -12075 -18585 7308 tvdrkgta
-2037 46172 50052 -25802 40837 32883 36763 8827 34532 45881 vmtrrdfc
-2310 -7850 6630 -2410 9540 1190 6800 5280 2720 -8530 a
-9490 -23686 10842 -208 17368 -20670 -21996 -20280 16692 -8580 w
9801 -93060 59202 39303 -33957 88110 -20988 -48015 -27621 -84150 tvdrkgta
-31328 32868 -12100 -11660 -34672 29084 34144 -3256 1320 -13728 w
-95060 74399 54514 -84778 -36375 12319 -5529 -90016 -24056 41904 tvdrkgta
-75040 30000 -10560 5440 29200 -45680 -55840 -2640 42800 -74560 w
-3220 17940 17296 18722 -3266 12052 1288 -39192 11914 -24564 w
43605 -32490 29250 -36540 28890 -4095 14490 -19350 -16380 -37260 tvdrkgta
-11592 32724 -26352 -2880 -4212 10656 -792 24696 1152 -20160 vmtrrdfc
-12604 -5520 12374 23598 -12420 -17572 16974 -11454 18400 -23920 w
40645 -51370 -7975 48290 32560 16445 49995 23650 29150 -54450 tvdrkgta
12220 -19480 19800 2740 9780 -900 8620 -18700 -5980 4680 hjvcdqj
682 -11044 -4708 8294 1892 -3234 -6732 12760 14102 13222 hjvcdqj
51887 -60253 -58473 -5429 86063 33553 -29548 -47348 -9701 17266 vmtrrdfc
-4200 5160 3816 636 3096 -7116 4680 4836 -1560 -5340 tvdrkgta
-324 -3132 13419 21222 -9585 19845 -5670 -18414 22626 24759 tvdrkgta
24521 -17360 -15934 -22754 24242 17546 4247 -17360 28923 -20150 tvdrkgta
-21600 -19950 15870 -7740 24930 -1770 -26460 -13710 -28320 -21210 vmtrrdfc
-10994 -12972 -20953 19964 -20171 10396 11224 6578 7038 -8395 vmtrrdfc
45543 -33934 30550 -38164 30174 -4277 15134 -20210 -17108 -38916 vmtrrdfc
-9408 -14028 18018 17493 -16128 -903 -5439 6384 16653 399 tvdrkgta
66690 -93670 -89585 44270 -73625 -38095 -33155 -62130 88255 80370 w
34144 38984 62568 60896 80080 -8800 -63712 74008 -73568 17512 a
940 155 -3845 -3635 360 3260 -3185 4460 2740 -4960 w
-28324 -32339 -51903 -50516 -66430 7300 52852 -61393 61028 -14527 a
18202 -8208 8930 4522 16530 -12065 10716 10203 -10127 3306 a
15520 17720 28440 27680 36400 -4000 -28960 33640 -33440 7960 w
28644 6237 -21351 10593 -15477 27687 30162 -18447 -11253 -28050 vmtrrdfc
8000 -60416 -3648 34240 40192 28544 54208 5952 -14912 -30912 hjvcdqj
20496 13335 1470 -9639 17115 -14532 11949 -7686 2331 -11466 a
552 5336 -22862 -36156 16330 -33810 9660 31372 -38548 -42182 hjvcdqj
3636 1404 9792 -16884 12528 -7110 -16668 -6840 -12438 10278 hjvcdqj
7068 -37506 31920 12198 17898 -30894 -20691 16245 -42408 36594 w
2080 -2025 4440 -3595 3955 -1660 1635 -40 4495 -4520 hjvcdqj
384 3712 -15904 -25152 11360 -23520 6720 21824 -26816 -29344 a
27778 33368 -45924 -74992 60888 -74734 41538 -41968 62608 -42226 tvdrkgta
-89280 89370 44910 -77670 40500 -47430 56070 22230 -83430 28350 w
-18905 6859 -10754 18468 -8246 -17974 -4978 -9424 6118 5244 w
16200 -3700 -8375 1100 -24525 100 16125 16300 -18175 21325 vmtrrdfc
84681 82450 57618 -72556 -90889 -10088 92441 70131 -68967 23377 tvdrkgta
-6006 -48356 -15631 58905 -51513 -69454 1848 13321 62370 51667 w
12456 -19512 28260 -22788 22968 16128 -24084 -16776 24084 30924 tvdrkgta
-5135 1105 -5460 5460 9529 -1456 -9295 -2834 -4303 -10972 tvdrkgta
43092 23004 4131 17820 7857 -21546 23976 -76626 -10368 78084 hjvcdqj
-18240 78624 -76608 3072 -49152 83520 68640 -29664 35424 -42816 a
-50552 61770 -5893 -63119 -49203 31808 3124 36920 15762 -18176 w
-28971 -32338 13616 17908 8362 25974 -10360 -1443 -27713 26344 a
-3872 1896 -1232 3904 -3224 3416 -4080 -616 544 -4224 hjvcdqj
34873 -8471 -25413 -1677 -19565 6622 12771 -32594 28509 860 w
9080 35520 -27880 -19720 35680 -25920 -36400 -19400 -3560 -8600 a
-1813 31262 -9408 14014 29400 -33173 35476 21070 -5243 -11270 vmtrrdfc
16929 61560 -24381 48600 -74196 -68607 74196 31509 62046 -53460 w
-11937 9499 19527 15755 -11431 7360 9637 -13961 4347 6141 tvdrkgta
1496 3468 41480 4284 -16116 50048 -33320 52972 20876 -41548 tvdrkgta
38976 58116 -74646 -72471 66816 3741 22533 -26448 -68991 -1653 vmtrrdfc
-808 -486 -966 98 490 886 644 904 -92 15 a
44616 -30492 53394 65472 -59136 -27720 -32604 -28974 -13530 -57420 a
2164 2168 3144 -516 572 -228 -2168 -3012 -320 -904 w
3718 12672 -5962 8536 -19778 -14674 -14916 -18568 17644 -12496 a
-10368 56304 33264 -43992 65664 68976 -43560 51336 -15840 31536 tvdrkgta
-16859 -18768 -3956 18883 22540 13064 -14950 14053 4623 20861 tvdrkgta
-6755 -8575 -2415 9345 -6160 31255 -28770 -19670 -33390 -3220 hjvcdqj
68453 -75537 -73843 -58058 -4158 31878 72457 -55132 37730 17248 hjvcdqj
-28595 -30765 3185 -31185 4865 26320 31465 18585 16415 23030 a
-38157 -67827 -64929 62376 -62997 -42297 47127 -67482 -54165 -56856 vmtrrdfc
60512 -60573 -30439 52643 -27450 32147 -38003 -15067 56547 -19215 w
-48 -30 -1498 -1752 110 818 -534 1640 -6 -1028 vmtrrdfc
5757 48279 -4902 -50445 56202 56145 -41325 29697 4446 54891 vmtrrdfc
-17847 -594 8019 6453 -10665 16794 14526 -21303 -26595 4158 a
-32640 55680 16384 -8256 -60096 -1088 54720 17280 54528 57792 a
11115 29925 -20463 48849 -28101 -1311 -25023 24396 43719 -28785 tvdrkgta
-79856 14444 -83996 -2576 -60076 61180 -39376 -24288 -58144 -86020 a
-45770 -21436 13294 -10810 -44528 -24748 35374 -14582 -14168 -43286 a
7359 -6138 -2651 -3762 -1221 4796 4851 -7788 -5841 2189 w
16956 13068 -15966 -13824 3150 -8262 9342 -16074 10746 612 a
38927 -29547 5561 -36783 -15611 11189 -40468 -45761 59496 44823 vmtrrdfc
3894 -14960 -12518 -14212 -17908 21296 3256 132 8404 -8954 a
59073 -41586 -42630 61248 -72384 76299 -60378 81258 609 -83868 hjvcdqj
-65087 -32107 -67027 72265 43456 23086 83517 85166 80219 -30943 a
33120 8832 0 49611 -1380 -59133 66033 -52026 -621 49266 vmtrrdfc
-8768 -3840 8608 16416 -8640 -12224 11808 -7968 12800 -16640 hjvcdqj
40399 30814 21229 -37701 31808 -52895 37701 -42387 -43594 6887 tvdrkgta
12800 -12880 -6064 -14032 7904 -14688 1856 14400 4496 12544 hjvcdqj
-34485 39875 30910 6105 11770 37950 -42735 -36080 35970 -15455 a
-6758 -9951 26319 17360 -16399 5363 -9269 26443 -22599 -18569 w
33920 -18603 21518 -7526 -2067 -13939 7897 19398 8798 9858 tvdrkgta
-58092 17860 93154 29140 -20492 39386 -78208 -86386 25192 -20586 hjvcdqj
576 1880 1570 678 -1896 -1704 1510 842 1030 -1656 vmtrrdfc
-36783 1342 -17141 22448 35014 18239 -30378 -6161 51240 42517 vmtrrdfc
-218 331 -212 -433 -714 194 641 36 -463 565 vmtrrdfc
-9417 22790 -31476 12470 13459 28380 8385 26144 -19694 2580 vmtrrdfc
16587 -34726 54514 -24929 32010 -89628 -34435 63729 -55969 22989 tvdrkgta
1302 -13764 -7223 16306 27528 -12524 -17236 -3441 -1085 29946 vmtrrdfc
36938 45954 43562 5566 41032 -4876 -31418 30176 1242 41538 tvdrkgta
-70755 24386 64258 70577 -14062 65504 -75294 -46547 -71289 11214 vmtrrdfc
25920 6912 0 38826 -1080 -46278 51678 -40716 -486 38556 vmtrrdfc
19976 -20020 36520 36212 -39996 -26620 -29700 -18480 -33352 35772 vmtrrdfc
648 8874 -6444 1161 -7569 -8073 4887 -6597 4230 -5049 vmtrrdfc
-6240 6720 25840 -35600 12160 -66160 -44480 18160 56560 45760 w
-5187 36270 -15678 35646 -33540 -33735 34086 -38103 -19773 -1911 a
13416 -260 24986 25740 5720 -7670 -2704 -10608 -21216 23062 vmtrrdfc
-41689 31396 -18612 16027 -18894 -10951 -46953 42441 43757 705 hjvcdqj
13300 -16340 -12084 -2014 -9804 22534 -14820 -15314 4940 16910 a
-2079 19740 -12558 -8337 7203 -18690 4452 10185 5859 17850 w
-42812 1540 -68376 29491 63679 47740 43043 21637 -67914 7700 vmtrrdfc
-15028 32674 24446 -19686 5474 -13600 -6154 30940 -4386 -8024 tvdrkgta
-73270 27115 -24565 -26010 -67745 -82790 -82960 -24225 -30005 68425 tvdrkgta
20569 14472 61908 -65794 44689 48843 -6231 49714 -20502 -43885 vmtrrdfc
16317 -17241 -9156 19698 -9702 -8274 12453 -3780 10542 -11571 hjvcdqj
9360 -7488 -22176 33768 -35640 -35280 -41832 -56448 -51984 9216 tvdrkgta
-52328 -40424 -37138 -50778 1922 -12958 -45012 -26784 -20708 52762 vmtrrdfc
-40824 -41877 16605 12474 47547 23652 80271 -8748 19116 46575 hjvcdqj
-37536 -27489 40188 -4335 45594 -9792 10557 19686 10557 28305 tvdrkgta
-38010 19152 -23352 -32424 -40110 -28392 -34104 -39816 -39102 -378 tvdrkgta
14610 6480 -3150 12855 -5445 -960 -13905 7770 -75 105 tvdrkgta
-27840 -15888 -36960 33456 -18192 46320 45744 -35664 -8736 17520 w
-10710 12579 -3339 -20454 -14994 -10605 18375 -16233 1659 18774 tvdrkgta
-3172 45396 47476 -10296 2756 -30836 -27924 -1872 35152 36400 hjvcdqj
-1770 -1080 210 820 -1290 -1030 -1550 158 640 1188 hjvcdqj
72224 46990 5180 -33966 60310 -51208 42106 -27084 8214 -40404 w
-1035 -318 -1656 1737 1485 -369 2682 1101 -597 2244 vmtrrdfc
-55998 19032 40016 -17507 -28792 -58133 -26962 34709 29341 7564 a
-40514 37788 -32383 16168 -27307 11656 16168 -9870 25850 19787 w
-730 -550 335 -121 -388 -367 505 381 -677 -248 a
48850 31750 28000 23800 31400 45700 -17050 42600 15500 27100 tvdrkgta
14872 -51216 86504 66616 33528 15400 -66264 -61248 30712 -49192 vmtrrdfc
-15876 20979 33516 -49896 25578 -1449 24570 4158 47880 41832 a
26928 34200 -67320 -7704 -46296 9144 -48672 25848 57672 65448 w
-60634 -22081 -64397 -28258 34932 28400 33086 -14058 53534 -19170 vmtrrdfc
-87100 -99000 41100 68200 -72700 -67300 78600 -54800 60400 -58300 hjvcdqj
-90334 -28482 -17578 42582 -72474 22466 -42018 36848 39198 84882 tvdrkgta
-32 -496 -3772 -3640 -3484 544 -908 2744 -376 -1976 hjvcdqj
-10080 19264 4256 19432 -14280 -37072 -30352 48160 48944 33264 a
7458 10340 4653 2167 -4565 5511 -7645 -3234 4301 -6468 vmtrrdfc
-77376 5022 -89652 -41199 -29481 12648 -25203 -28086 91326 -2976 tvdrkgta
-10948 -9212 -1680 -13006 12278 -1008 -11060 -11228 -4172 -8736 w
-3411 1980 -1332 2061 -2817 -1845 4419 -1368 -2457 -864 w
-18970 49000 -36190 -62580 36400 49280 63000 58100 -65660 -62720 w
-462 -15 2391 2478 1152 600 -2955 1725 2739 -696 hjvcdqj
22275 2295 -39825 -4050 -28665 14130 -7290 -19575 -3330 14670 a
-1872 8928 4880 4160 -13440 8816 -8032 -9776 -6960 -14624 tvdrkgta
44880 6720 -1800 -51180 -25320 51960 -58020 -20100 -41220 -18480 tvdrkgta
1140 -8850 480 -19380 -3900 -11340 9780 -28710 -17880 21420 a
-11600 57652 29928 -2088 -47038 8700 -9860 -40310 -41122 12586 vmtrrdfc
14607 -25704 -14580 -7776 810 7344 23004 -8262 1917 1296 vmtrrdfc
-43092 58900 22040 -52972 -37924 8512 69464 -10336 32452 14972 vmtrrdfc
14960 8670 -22610 -23290 -10200 16830 21080 8092 4216 -4862 hjvcdqj
4823 -10751 -10023 2366 3432 -6019 7592 11167 2587 -5616 vmtrrdfc
30415 -6545 32340 -32340 -56441 8624 55055 16786 25487 64988 tvdrkgta
-11154 -20566 19214 -16302 16068 14768 24128 -22230 18460 -17836 w
-20952 -23922 -38394 -37368 -49140 5400 39096 -45414 45144 -10746 tvdrkgta
-2492 -37469 53667 -66750 65237 -68352 65682 32218 70399 -53578 w
-10472 -31724 -32428 -27104 15884 30712 36696 14696 -41492 -37180 tvdrkgta
4841 -17108 -36942 39950 7097 -10387 -15087 7943 37318 -36002 tvdrkgta
-1404 7332 18174 -1820 8268 19630 -7436 2730 -12194 -10400 tvdrkgta
-10815 -31395 20650 13370 14175 7210 -20930 -22225 22400 -25480 hjvcdqj
-5586 -2034 3090 2970 -234 -3264 1482 -3006 -4524 3576 w
-11265 -11790 9270 4290 -11835 10305 -13470 8370 12840 -14100 vmtrrdfc
-19008 -88 -18216 7590 -6578 5962 14542 -3498 17556 7172 tvdrkgta
-35360 20944 67660 12036 42024 23664 -55352 -31076 17884 -55012 tvdrkgta
22066 -33388 11220 31110 4216 -25704 9010 -7038 -1088 11968 vmtrrdfc
-43200 -25536 -46016 -15296 19200 2560 -62080 -44864 53056 -31808 hjvcdqj
-24255 -47502 43281 26901 -50904 -44163 -37359 11844 20034 -8820 w
-12155 -6817 -9962 -14620 -9707 7412 -9690 -13464 7786 14569 vmtrrdfc
432 4176 -17892 -28296 12780 -26460 7560 24552 -30168 -33012 a
-776 -12028 -91471 -88270 -84487 13192 -22019 66542 -9118 -47918 hjvcdqj
-26320 -26320 -64320 63600 -63440 -77360 -26080 79040 -52240 -21840 hjvcdqj
74298 57942 15399 -70731 51939 -69252 20532 -37410 67686 -28797 w
-7266 -25704 -41496 -37590 -33852 19908 22974 -39522 -38010 19068 hjvcdqj
-6576 -5432 1856 -7776 -6632 -4992 -1152 7712 -7344 -56 a
-66120 -25460 -41230 -94525 -78755 -86640 -94715 -40280 61370 -74670 vmtrrdfc
-40528 -34544 10676 35020 30668 2720 -65960 22644 15164 29104 a
-36378 88736 15886 -30738 5734 -58844 47094 76516 10998 23030 w
2895 3675 1035 -4005 2640 -13395 12330 8430 14310 1380 vmtrrdfc
25376 -24705 54168 -43859 48251 -20252 19947 -488 54839 -55144 a
-18228 -34968 54870 -25854 -64542 36084 22785 49383 -10416 -25389 vmtrrdfc
-2838 -32076 1254 -30690 65076 -54582 56496 6600 42306 33858 w
22839 -63342 -52233 27531 41538 4140 40158 2829 -15594 7314 w
4887 -13554 -5940 -23814 8046 16038 9693 3078 13392 -3996 hjvcdqj
9810 14445 -38205 -25200 23805 -7785 13455 -38385 32805 26955 vmtrrdfc
-36126 20412 -41229 -64638 35316 76464 -77841 8910 75006 77193 a
15570 -2916 -17352 -7596 -10152 14724 14058 -9306 4770 -15426 a
-8460 -3636 10872 1764 24120 7452 -35928 27108 -828 -32004 a
47615 40406 -82859 -14151 67907 76451 52955 85351 41474 -52421 vmtrrdfc
19071 29172 -11115 -16692 -4017 8346 4524 18759 -6981 -8931 w
10146 4717 -33642 -86063 44500 23318 57850 -10413 82147 55002 a
20475 40887 46872 29421 -42147 -19341 -1197 47691 38682 17136 hjvcdqj
-60357 -61659 -4092 -61194 22320 30597 -37200 23064 -81003 41664 a
-3456 -2484 -25191 -6426 -16821 24840 -20790 -20952 26595 4968 tvdrkgta
-11420 -13140 -14380 -18960 18860 -5200 -400 -7900 -14340 -2880 hjvcdqj
-574 4130 4487 4900 5152 -441 553 917 672 3682 a
-91400 66300 -51500 -39800 -65500 81000 34700 -27100 45100 41100 hjvcdqj
11960 -31520 -30440 20040 3760 -35480 12040 8080 22280 -7120 w
63342 -17415 14256 -34182 22032 -72576 -21465 -39771 -57105 42768 tvdrkgta
-26566 24457 14948 36593 27565 -25049 -18463 7585 -7844 33448 hjvcdqj
-1232 -4284 1365 287 -4641 5243 -4529 3857 2604 -1379 tvdrkgta
-14000 -5320 14560 -18360 31080 5640 -33400 3960 33120 -8840 a
-769 -682 261 -587 334 -847 -385 266 156 174 hjvcdqj
-52650 -31122 -56082 -18642 23400 3120 -75660 -54678 64662 -38766 a
-546 -18984 30618 39228 3234 27594 11004 -22680 -26124 27636 a
21206 46 38686 37398 6164 -38180 41078 -13156 -17848 9706 hjvcdqj
2832 32391 40769 -56109 -32037 34397 -42893 -2183 1593 -56817 hjvcdqj
50031 28305 10302 -44268 30651 -6783 -48450 8517 22287 -1326 hjvcdqj
5621 16571 62342 -42486 14089 -18323 30587 52925 -58984 7665 vmtrrdfc
-34686 18778 16892 52316 46166 -78802 26732 -14022 53874 -22140 hjvcdqj
-39440 28160 14720 -22040 -6240 32640 27560 21640 -15480 -30800 a
-70688 88266 -23688 -81028 -16920 24628 -846 32054 80558 85916 w
39552 -12160 -63424 -19840 13952 -26816 53248 58816 -17152 14016 a
-113 -440 558 995 183 147 416 -762 -906 90 hjvcdqj
-4026 57618 60258 -13068 3498 -39138 -35442 -2376 44616 46200 a
-11400 -4050 11130 14340 -10980 -14790 2355 -9990 555 -8685 a
4806 -18819 22734 567 10854 1242 -6750 -6399 4401 19143 vmtrrdfc
14070 19440 -28710 -11400 -17100 -18030 -1230 -24300 18510 -26700 w
-33604 61380 6634 -1984 20150 34224 47368 -7192 -56172 -4526 tvdrkgta
-3042 10476 -17694 -13626 -6858 -3150 13554 12528 -6282 10062 vmtrrdfc
-705 -13425 -8655 8010 5835 -5415 -11205 4065 -11370 -9645 vmtrrdfc
-12956 76472 -57117 45030 19513 -65096 -19513 30415 -60277 -40369 w
-17238 -7852 -3822 10010 25532 -17888 -17472 13702 25038 12818 hjvcdqj
53728 -64824 33580 -60882 -17739 56137 9855 -10658 42486 36865 vmtrrdfc
-72428 20748 -2432 -70756 60344 33896 18240 50160 71212 39292 hjvcdqj
42812 -76461 -308 -63448 -47432 10010 -16709 -39501 -15631 -3080 a
-34335 8995 21035 -25655 -25200 -23450 19635 10815 -32900 5670 vmtrrdfc
-54544 -24192 11760 -47992 20328 3584 51912 -29008 280 -392 vmtrrdfc
-46980 16200 52650 -58410 8550 14760 18900 -9720 54720 -83070 hjvcdqj
-19458 -14421 -22425 -11408 12121 -3910 -14306 -1817 10373 -115 vmtrrdfc
-17110 -41595 -17169 30621 56168 35931 6195 40710 24249 37347 tvdrkgta
-2002 -13090 9100 10346 7378 -6356 6090 11088 -10192 8666 vmtrrdfc
-893 -17005 -10963 10146 7391 -6859 -14193 5149 -14402 -12217 vmtrrdfc
-7280 -14248 17420 -15236 24882 -18772 -18486 -6422 1430 8502 vmtrrdfc
-2450 30350 -29800 4850 28700 -45450 25400 -16700 -11800 6800 vmtrrdfc
16260 -42000 31020 53640 -31200 -42240 -54000 -49800 56280 53760 tvdrkgta
24425 15875 14000 11900 15700 22850 -8525 21300 7750 13550 w
-17091 6966 -26973 -20574 -6966 -71685 12717 -1701 -68850 -80271 a
-8832 6816 -7236 7944 -6204 10992 552 3000 -636 -1272 w
-5040 11304 -11556 25380 -30096 33876 -17712 -9036 5832 -30240 tvdrkgta
-46806 86217 32016 57855 -85869 74559 47763 -83346 -37323 78300 vmtrrdfc
9438 17402 -16258 13794 -13596 -12496 -20416 18810 -15620 15092 vmtrrdfc
-15964 6188 17186 -5356 -9828 14456 -24414 18304 4082 4966 vmtrrdfc
-1716 5093 9141 9966 9394 -6094 5346 7843 1177 10714 w
408 3944 -16898 -26724 12070 -24990 7140 23188 -28492 -31178 hjvcdqj
-7548 59644 -14356 -40996 222 28786 65712 49136 -69782 -40552 hjvcdqj
720 -9120 -6888 -8208 -11124 8976 8520 -6684 -10896 -1488 a
-32310 29745 18180 44505 33525 -30465 -22455 9225 -9540 40680 a
5120 3680 37320 9520 24920 -36800 30800 31040 -39400 -7360 w
-10450 -23550 -16625 -23850 24600 4850 -21850 9050 24150 -22175 hjvcdqj
-41796 810 -77841 -80190 -17820 23895 8424 33048 66096 -71847 vmtrrdfc
-17181 -22287 12926 -20585 2921 -11385 -22954 -20815 12328 -17342 tvdrkgta
-45100 22900 -29400 -63800 -88800 -97400 23700 -52100 36500 -36200 tvdrkgta
42370 -23940 48355 75810 -41420 -89680 91295 -10450 -87970 -90535 tvdrkgta
-28220 77024 -66898 57851 -69886 41666 59345 5727 33781 10541 w
-56840 -75264 -11858 94766 60564 76342 28420 -49294 31752 86436 w
72884 -61484 10336 62928 -29488 24244 72200 -32072 74632 -43852 tvdrkgta
30938 -5952 -18197 26040 26319 2387 -24676 31000 9424 15252 vmtrrdfc
-796 -444 1446 -1030 18 38 -134 -1838 -1630 1726 hjvcdqj
2600 5192 5952 3736 -5352 -2456 -152 6056 4912 2176 hjvcdqj
-1980 6453 -3663 -6021 5949 252 6633 -6831 1458 -2763 hjvcdqj
-67620 67620 -48930 45570 8890 -42980 -47600 3640 -62230 40390 vmtrrdfc
-37800 22740 8220 -22500 2460 -43020 -7320 -14520 34560 -660 vmtrrdfc
-8820 -15855 -9135 -5964 9219 10773 -10206 630 16527 19047 a
49612 -65807 57828 -22120 -14141 6636 -77815 50560 8532 27176 w
4590 -75565 -2040 36720 50660 59585 -51510 74120 82365 -2380 hjvcdqj
-3160 -6656 -672 -4648 -5048 -2008 -5760 5264 -2240 -5960 vmtrrdfc
-9792 17646 -9537 -3366 -20808 3876 0 -37434 -44166 -7803 hjvcdqj
32708 -71114 -53206 42846 -11914 29600 13394 -67340 9546 17464 a
50774 -24274 -51993 -12561 32542 -20458 46587 16006 35033 50085 a
21692 13156 -5302 11682 -7370 5192 9834 -1892 -5280 8162 w
-8360 -18840 -13300 -19080 19680 3880 -17480 7240 19320 -17740 a
29592 24444 -8352 34992 29844 22464 5184 -34704 33048 252 w
57420 18360 -42420 16320 -14040 -30900 1920 -29580 -49740 -36660 hjvcdqj
-16544 17754 13222 -10340 1914 1694 8140 16170 -10472 10890 hjvcdqj
-10507 63437 -55300 -61067 18328 -39263 -29862 18249 72285 65096 a
-8302 1232 -1358 9534 10738 -2688 3346 -10626 -6342 -434 vmtrrdfc
-48864 18432 18528 -37728 71232 3648 18048 18624 -25056 -74208 hjvcdqj
-11288 59262 -58017 -25813 -40421 -69471 -33200 -55693 36437 13612 tvdrkgta
-1228 -864 -3696 3928 -2668 -2916 372 -2968 1224 2620 a
-61778 74734 -60198 52219 56959 -42897 -1975 58381 -56643 -76709 w
77183 50165 44240 37604 49612 72206 -26939 67308 24490 42818 w
7065 -1521 4005 8685 -4122 -8613 828 -567 4707 -3087 w
-861 17343 -39647 9758 -21894 23452 -34399 19229 -18860 -30176 w
4488 10404 24276 -37638 12444 6171 27132 -11628 -35904 -45492 vmtrrdfc
84360 5035 9215 -8455 85405 75905 1330 -38570 -4750 -30970 hjvcdqj
1248 -16770 -63492 75426 58032 4368 -60918 -25584 -20046 48438 w
48510 -51240 -41860 34790 16870 -12810 -22540 2450 15190 -52500 a
-165 -10005 10635 -8595 165 -14010 -4470 -510 -12975 -13035 tvdrkgta
6132 -9030 -6300 -20139 -12327 -20748 -7623 -18585 -15813 -10143 w
-3540 4840 14640 -16000 9240 4400 10280 14420 13220 -7660 hjvcdqj
16575 7550 3675 -9625 -24550 17200 16800 -13175 -24075 -12325 hjvcdqj
12168 -4680 -13698 14400 -14490 -11106 16560 17208 6840 16542 vmtrrdfc
-1025 2125 -480 905 -3390 -4390 -3920 -960 -4530 1595 a
18753 18753 45828 -45315 45201 55119 18582 -56316 37221 15561 vmtrrdfc
21800 -500 4250 -4125 8175 10350 -6525 24875 -10725 24675 w
3688 3632 -3636 -316 -3084 -2892 2368 -3016 -60 -3780 a
-54438 76454 68370 85656 -78174 25800 20726 -32938 -1548 -52116 a
-27807 73284 70773 -46593 -8742 82491 -27993 -18786 -51801 16554 a
36800 -32200 86100 33900 -70400 13500 -17700 6800 -66600 -60900 vmtrrdfc
-12079 17202 -22654 5029 9776 -32900 45214 8601 43663 -31114 a
-69746 9718 51256 49794 39818 -44376 -6192 32594 73874 -55900 w
7049 -15713 -14649 3458 5016 -8797 11096 16321 3781 -8208 w
-25025 32263 30184 54054 -51282 30800 -55671 -14784 -63833 51051 vmtrrdfc
5928 -6328 -7528 -6392 5864 -3200 7928 -5888 7032 -7472 tvdrkgta
-45240 -17420 -28210 -64675 -53885 -59280 -64805 -27560 41990 -51090 vmtrrdfc
1368 -3952 -1488 -312 -384 1352 -1856 -3376 1912 -3488 tvdrkgta
-23352 840 -37296 16086 34734 26040 23478 11802 -37044 4200 vmtrrdfc
28500 86355 -46170 4275 80085 -36290 57000 36385 16815 -43415 vmtrrdfc
1326 -2883 -2157 1737 -483 1200 543 -2730 387 708 a
38430 -23119 -8357 22875 -2501 43737 7442 14762 -35136 671 a
-60480 19440 39440 -14400 6080 -35360 32720 -39520 -67920 -17440 a
6912 94656 -68736 12384 -80736 -86112 52128 -70368 45120 -53856 tvdrkgta
57132 -89884 74336 18032 -27508 -40112 39560 8188 38456 60444 w
-10032 216 8640 3264 -876 7164 -5688 -4524 9264 -12 vmtrrdfc
-68040 -58940 -29680 -37450 -12530 -42350 69020 32130 29820 -44730 tvdrkgta
-26818 30820 31050 -9660 18630 30820 -22816 -35052 16652 -8280 a
-22540 43708 91728 93786 7546 63406 76048 -71442 80066 -80262 hjvcdqj
-23146 66385 35074 41251 1207 -54315 -8946 3976 -66101 -5183 hjvcdqj
-37743 4416 57339 31878 -21045 -59616 -45816 -47403 -14766 2967 vmtrrdfc
71102 -70153 -58400 20002 47742 -60517 -69204 -70226 -54458 -16717 vmtrrdfc
22022 19812 -16952 -4550 -1352 -3744 -9490 -3562 -23712 -24700 w
-10747 -6985 -6160 -5236 -6908 -10054 3751 -9372 -3410 -5962 hjvcdqj
-558 30132 19902 -2046 83328 -69006 -65565 -82770 -34503 -88629 vmtrrdfc
17094 58090 -49062 17834 -70596 -8806 -50320 -39072 -20128 63122 vmtrrdfc
20394 32604 45540 -39732 55572 16368 -16368 38478 -18942 -41514 hjvcdqj
9809 -7293 3842 -12359 7684 -6069 -15266 -15742 -9265 3927 tvdrkgta
8064 5796 58779 14994 39249 -57960 48510 48888 -62055 -11592 vmtrrdfc
2193 -1224 -10047 -18054 16779 2601 27846 14739 50490 -25245 w
-30008 14694 -9548 30256 -24986 26474 -31620 -4774 4216 -32736 vmtrrdfc
-15192 -11736 -10782 -14742 558 -3762 -13068 -7776 -6012 15318 tvdrkgta
-61551 -40005 -35280 -29988 -39564 -57582 21483 -53676 -19530 -34146 a
-3143 5971 -5348 -3955 5782 -2541 2415 1785 3017 3787 vmtrrdfc
11310 59943 -8352 -27927 64467 48111 -8178 -30276 -80823 -57594 w
-10716 -20774 -12220 -32242 -31678 -24205 -37130 45872 -40796 32383 w
40026 -11466 1344 39102 -33348 -18732 -10080 -27720 -39354 -21714 w
13266 -5016 3982 -2376 -14520 -1606 -8448 -16786 -8558 14630 hjvcdqj
2325 4560 1200 -4290 1420 -2400 -4955 -2200 3910 3170 vmtrrdfc
8877 -5456 -3025 3179 3520 7205 8668 -8723 -6622 -5940 tvdrkgta
78678 -32054 -69466 30644 -75200 -45214 -54050 8178 -68526 -93624 w
-53148 16340 85226 26660 -18748 36034 -71552 -79034 23048 -18834 vmtrrdfc
2774 1254 -2394 7809 -8550 -8398 11191 3382 -2622 14725 a
43176 53424 12852 -46032 40572 60312 13356 -19068 -72828 -30828 hjvcdqj
18549 13959 -7452 -8019 21519 26244 -7830 22437 -12771 4104 vmtrrdfc
18879 -12847 23055 -20184 -7366 25868 -7946 6670 5307 -20735 tvdrkgta
-1136 15265 57794 -68657 -52824 -3976 55451 23288 18247 -44091 tvdrkgta
38123 20703 26130 28274 41272 24790 -28743 -61171 -22914 44622 a
62764 64113 -59356 -29252 35926 3053 41038 -62622 -52611 -4260 hjvcdqj
5149 -1919 -14820 8398 -17290 13908 9329 -12958 14991 4522 a
31330 -34645 55510 58695 14755 50505 58630 4940 -8775 58695 w
-6783 -190 6061 8474 11286 1957 -13110 11381 11476 -13737 vmtrrdfc
-48106 44287 27068 66263 49915 -45359 -33433 13735 -14204 60568 hjvcdqj
10935 14013 19764 7128 2673 13797 -567 14310 999 16065 a
3744 30144 9744 -36720 32112 43296 -1152 -8304 -38880 -32208 vmtrrdfc
76846 50127 -72688 -48125 -11473 -17325 11011 -47509 -1232 31955 tvdrkgta
25410 -58410 -33066 27588 -25344 -64812 65472 30096 36102 -25410 vmtrrdfc
-48600 78975 49896 -38637 -46332 -47142 15795 78246 -48843 63261 vmtrrdfc
-37681 -33418 12789 -28763 16366 -41503 -18865 13034 7644 8526 a
-20433 40621 -20482 10388 2744 -27538 -12201 36554 29449 40866 vmtrrdfc
840 -1884 1926 -4230 5016 -5646 2952 1506 -972 5040 hjvcdqj
13775 -10602 8474 -11419 -5092 -12749 -988 14820 9101 -9956 vmtrrdfc
27390 -14355 46805 41690 45925 40645 -53570 27115 47245 19140 hjvcdqj
22912 54848 -37952 -58688 -62976 -14272 38144 -46656 41728 33472 w
61544 -64876 50764 42140 23422 8036 -70462 53606 59584 -58408 vmtrrdfc
20664 -22932 -20349 44604 -7182 -34965 -26901 21042 53991 -30240 vmtrrdfc
9928 -14620 -10200 -32606 -19958 -33592 -12342 -30090 -25602 -16422 tvdrkgta
12179 -5776 13452 -12654 -3325 12540 13585 13946 -5947 -9063 w
29601 -13248 -34017 39813 18354 -47196 -9867 -10626 65688 -10902 hjvcdqj
